2091 163.05 -189.47 989.59 -0.951 -3.390 -1.393
2191 147.43 -189.23 990.21 -0.646 -2.108 -1.516
2289 156.70 -180.32 1000.58 -0.799 -1.376 -0.875
2387 155.61 -183.49 1006.68 -0.280 -0.674 -0.875
2486 149.62 -184.96 1001.92 0.056 0.455 -0.264
2586 146.57 -183.00 992.04 0.849 1.096 0.010
2684 153.90 -184.10 986.54 -0.036 0.486 -1.149
2783 150.97 -177.39 997.65 -0.554 0.425 -1.882
2883 146.82 -182.64 995.09 -0.158 1.187 -0.966
2981 139.00 -181.05 1009.37 -0.738 -2.292 0.224
3080 90.05 -172.38 1141.33 0.483 13.425 13.743
3178 107.63 -198.87 924.65 0.544 6.894 17.588
3278 124.36 -171.41 948.09 13.758 21.604 10.783
3377 102.02 -170.19 1004.98 1.368 8.359 0.895
3475 45.50 -169.70 1087.37 -3.362 0.547 0.010
3575 -178.13 -205.83 1109.10 -12.945 -3.024 -13.845
3674 -10.41 -195.94 1088.84 -33.452 -5.984 -53.121
3772 120.57 -173.36 650.12 0.514 -10.562 -61.360
3870 87.49 -118.18 745.58 42.109 47.055 -71.981
4214 74.06 150.62 1052.22 16.932 36.588 -41.494
4313 216.52 106.67 1001.56 1.582 10.556 -28.737
4413 134.73 26.59 1007.54 -23.656 -6.808 6.938
4511 251.43 29.89 992.52 -37.054 -42.575 26.927
4610 198.94 -94.01 1014.74 -31.103 -19.961 25.798
4708 260.71 -174.70 1000.83 -20.330 13.456 21.464
4808 401.94 -155.90 957.37 -3.240 23.740 21.861
4907 177.58 -240.25 1106.66 2.040 64.878 27.934
5005 -33.36 -382.22 982.15 -26.433 -11.233 17.436
5105 123.13 -363.06 791.11 9.333 -8.609 17.527
5203 380.95 -161.52 885.10 28.651 13.608 39.317
5302 153.04 58.09 1205.66 11.775 -52.340 35.258
5400 428.92 -13.94 759.13 46.290 63.871 118.602
5500 322.48 -103.54 1068.57 32.557 6.803 -27.150
5599 394.13 -187.52 1039.77 -24.480 -27.102 -24.770
5697 217.74 -10.64 1002.17 -23.443 4.850 -6.429
5797 165.37 -123.68 953.58 -18.285 9.336 -19.033
5896 28.53 -158.96 971.77 -6.994 15.042 -54.952
5994 269.99 -183.00 984.10 -4.003 3.690 -30.568
6264 35.12 -101.83 962.01 7.044 0.821 50.975
6363 62.95 -157.00 977.63 14.796 -24.051 23.661
6461 299.77 -122.58 962.74 19.404 -27.255 -32.491
6559 218.47 -155.29 1011.08 -22.008 -17.459 -8.687
6660 389.25 -117.08 911.59 -1.928 -1.864 3.367
6758 275.48 -102.68 984.83 -9.740 22.000 19.450
6856 198.94 -172.87 949.43 -6.170 15.622 16.093
6957 186.25 -167.62 975.56 3.626 5.582 23.723
7055 233.00 -201.92 950.04 23.188 8.054 33.824
7153 201.75 -119.89 1023.53 14.887 -8.090 21.251
7251 233.24 -126.24 946.63 -5.681 6.162 1.628
7352 134.12 -129.29 1001.92 -1.012 33.658 -11.434
7450 179.41 -91.57 948.58 -8.947 -5.740 -40.914
7548 319.67 -101.58 1007.66 -2.874 -29.818 8.403
7649 258.39 -172.75 976.29 -30.401 14.402 26.347
7747 155.48 -245.75 881.56 -10.137 7.321 -2.278
7845 224.82 -310.44 944.06 14.002 -11.538 13.743
7944 169.77 -229.39 1010.35 17.420 -12.301 8.250
8044 216.88 -81.20 1020.36 19.526 18.674 7.548
8314 84.07 -77.90 1014.86 8.936 45.804 5.137
8413 26.09 -120.14 992.04 -0.219 24.076 2.665
8511 -20.91 -80.71 1006.20 -4.308 9.793 -5.941
8611 14.00 -55.32 996.80 -6.750 -0.125 -10.152
8710 113.49 -76.31 979.10 -3.362 -36.380 -15.187
8808 239.35 -196.80 1152.07 -14.104 -86.184 -7.161
8906 251.92 -80.10 955.90 -14.989 20.047 16.124
9007 169.52 -153.46 834.44 -0.280 -6.259 37.669
9105 182.83 -375.75 1043.06 22.181 67.960 21.678
9203 -3.09 -176.90 999.12 20.411 46.018 25.981
9304 29.63 -70.21 1091.40 -2.782 25.418 15.178
9402 -24.20 -193.13 997.53 -14.501 -4.123 4.863
9500 -114.05 -185.93 956.15 -7.451 3.171 5.076
9598 -164.10 -164.57 983.98 2.040 -32.443 5.656
9699 -229.53 -118.55 1116.43 -8.855 -70.071 -34.200
9797 52.09 -265.28 1230.44 -39.220 -111.056 -92.519
9895 597.99 -340.35 801.97 -36.901 125.302 -118.245
9996 358.61 -137.96 934.66 25.111 115.506 -31.911
10094 -25.30 -153.46 1112.28 0.605 39.090 -4.354
10364 -86.22 -174.82 1005.22 -6.414 -65.402 -15.798
10463 142.54 -227.92 940.52 0.086 -59.146 -15.950
10563 260.83 -5.76 1040.38 -4.095 -36.929 -12.960
10661 346.28 -64.72 759.86 11.286 30.912 28.544
10760 29.02 -197.04 900.36 21.662 81.632 26.042
10858 18.64 -343.04 1297.94 28.742 -124.240 -19.368
10958 522.06 -99.87 914.40 -12.426 -34.823 -26.418
11057 586.64 -67.16 846.16 4.786 -123.629 4.069
11155 638.52 -66.67 860.44 10.676 -51.150 5.381
11255 615.08 -95.97 788.79 11.805 47.361 3.184
11354 488.98 -80.34 894.01 7.044 21.543 0.621
11452 557.83 -66.18 864.84 8.845 2.683 -0.051
11550 555.02 -48.12 869.72 5.824 -50.174 -1.912
11651 622.28 -65.45 776.09 -2.447 -38.821 1.384
11749 705.04 -62.15 761.32 0.361 -19.503 0.438
11847 688.56 -62.76 733.00 -4.308 -37.753 3.917
11948 723.96 -81.07 695.89 -4.308 -17.276 4.466
12046 762.42 -97.55 702.36 -6.963 7.016 -4.506
12144 893.40 -103.66 687.96 -22.375 146.421 0.712
12414 368.86 -142.48 922.94 39.210 -9.494 48.503
12515 317.96 -292.38 1056.12 22.883 -42.788 29.857
12613 300.75 -45.55 969.09 15.498 -12.027 10.264
12711 345.55 -128.44 1007.66 -7.177 10.160 14.903
12812 240.32 -140.40 948.21 -13.860 14.096 6.755
12910 248.75 -169.21 939.91 -5.834 -7.663 -7.802
13008 331.02 -173.73 951.26 -1.531 -6.381 -12.929
13107 356.90 -172.14 955.78 1.093 -9.982 -2.797
13207 321.25 -146.38 957.61 0.575 -2.139 0.560
13305 309.17 -150.04 945.77 -0.066 -8.090 -2.401
13404 315.64 -143.70 974.95 0.208 -10.104 -11.617
13502 430.51 -142.35 949.19 -3.728 0.150 -6.276
13602 378.63 -172.87 915.50 -3.484 -7.235 1.231
13701 394.25 -158.59 925.63 2.314 -6.076 0.590
13799 379.60 -129.05 931.73 6.709 -2.322 -1.851
13899 378.63 -105.61 973.60 11.714 4.361 -0.539
13998 373.75 -128.80 954.32 4.145 -4.336 1.445
14096 399.62 -127.58 944.67 0.849 -2.505 -0.692
14194 395.47 -112.08 939.42 -4.095 -5.221 -3.896
14467 398.77 -118.06 932.34 1.704 -1.162 0.224
14565 404.75 -118.43 934.91 1.460 -1.071 -0.569
14663 411.95 -117.21 932.71 0.331 -0.888 -0.722
14764 407.07 -115.50 933.69 0.605 -0.766 -1.149
14862 406.95 -113.91 930.39 -0.219 -1.529 -2.187
14960 424.16 -112.93 933.32 -0.677 -0.186 -1.241
15060 415.62 -115.25 925.14 -0.982 0.363 0.560
15159 405.24 -110.98 942.84 -1.043 1.584 -1.363
15257 418.42 -112.45 935.88 -3.393 3.659 -0.905
15355 400.84 -125.63 927.46 -2.019 -0.369 -1.027
15456 398.89 -117.45 931.00 0.117 0.241 -1.271
15554 412.56 -116.84 937.71 0.178 -0.460 -1.241
15652 395.84 -123.92 934.66 -1.195 0.486 -0.081
15751 403.29 -120.26 932.47 -0.402 0.211 -0.814
15851 401.58 -118.06 937.23 -0.402 0.699 -0.142
15949 399.99 -122.58 935.15 -0.402 -0.125 -0.417
16048 395.60 -121.60 932.22 -0.738 0.547 -0.295
16148 400.60 -123.92 938.20 -0.249 -0.583 -0.814
16246 393.52 -123.43 937.71 -0.616 1.065 -0.783
16515 384.12 -130.27 939.42 -0.829 3.049 -0.814
16613 378.87 -128.80 936.49 -0.585 4.178 -0.478
16711 366.91 -119.53 948.70 0.178 2.500 -3.560
16812 381.92 -116.35 959.20 -1.562 5.887 -4.720
16910 345.55 -133.08 930.39 1.429 10.648 -2.370
17008 353.85 -129.78 952.61 2.833 2.835 -1.363
17106 355.68 -124.17 963.35 2.589 0.089 -2.919
17207 362.27 -112.08 1002.05 -1.165 8.512 -2.187
17305 326.75 -125.39 965.30 -3.637 11.624 -2.675
17403 312.10 -119.28 936.49 3.108 4.209 -1.546
17504 313.32 -99.75 990.33 -0.707 8.847 -0.844
17602 331.75 -108.54 946.99 -1.562 0.760 -4.110
17700 295.62 -93.16 962.25 -1.592 -9.189 1.353
17799 285.37 -109.52 961.88 -1.745 0.852 0.804
17899 311.37 -112.57 950.04 1.917 -0.247 4.619
17997 284.76 -113.91 978.36 0.086 3.202 1.811
18096 301.72 -119.16 978.61 -3.606 -0.033 -1.516
18196 309.54 -115.62 978.61 -0.707 -0.308 -1.027
18294 285.12 -126.48 969.33 -1.134 2.652 -0.661
18563 292.69 -127.95 975.80 -1.043 4.605 1.384
18661 271.69 -115.38 979.58 -0.707 -3.421 -1.454
18759 290.25 -121.85 968.11 1.521 -3.390 -1.027
18860 302.33 -126.73 967.99 -2.141 0.058 -0.783
18958 293.79 -122.21 972.26 -0.829 -4.031 -1.271
19056 297.45 -127.34 960.42 -0.829 -0.644 -1.149
19154 305.39 -125.02 974.09 0.147 1.004 -0.631
19255 304.78 -130.39 970.92 -0.890 -1.223 -0.569
19353 290.62 -126.61 964.57 -0.524 -1.498 -1.454
19451 303.31 -119.89 975.68 -0.402 -1.437 -1.607
19552 303.31 -126.97 966.77 -0.646 2.774 -2.492
19650 313.20 -123.92 978.12 -0.921 1.126 -2.645
19748 302.70 -125.02 968.96 -1.775 -1.040 -1.851
19847 316.62 -126.97 975.07 -0.951 0.699 -1.027
19947 300.26 -128.19 961.64 -0.402 0.699 -0.783
20045 306.61 -125.26 965.30 -0.127 1.126 -0.753
20144 308.32 -131.73 967.13 -0.707 -0.949 -0.600
20242 307.09 -124.41 969.45 -0.219 -0.766 -1.027
20342 290.86 -124.90 970.67 -0.127 1.493 -1.058
20613 285.61 -121.60 973.48 -0.799 -1.071 -1.058
20711 296.84 -124.53 970.19 -0.127 0.852 -1.088
20809 301.24 -127.09 971.41 -0.677 -0.003 -1.027
20910 300.50 -126.85 969.09 -0.463 -1.742 -0.844
21008 297.45 -126.12 970.43 -1.104 0.577 -0.508
21106 280.12 -129.78 966.89 -0.616 2.347 -0.875
21207 297.45 -132.59 971.89 -1.043 0.882 -1.790
21305 280.73 -140.28 946.87 -0.066 -0.705 -2.217
21403 318.69 -122.33 989.23 -0.982 -10.745 -9.389
21501 332.12 -130.51 954.80 -1.836 -7.510 -3.560
21602 304.65 -123.80 965.42 -0.951 2.500 -2.492
21700 316.49 -123.80 963.47 0.880 0.486 -1.973
21798 321.25 -121.72 965.30 2.192 -4.245 -3.377
21897 328.46 -96.46 979.22 0.422 -0.094 -0.753
21997 323.33 -125.14 956.76 -1.104 0.455 0.102
22095 318.57 -111.35 959.69 -0.646 1.493 -0.722
22194 320.40 -118.43 963.47 -0.554 -0.674 -0.936
22294 329.07 -116.23 965.79 -0.982 -0.857 -1.027
22392 320.03 -118.92 962.86 -0.982 -4.428 -0.356
22663 335.90 -119.28 963.11 -0.432 1.615 -0.112
22761 325.04 -119.04 966.16 -0.646 -0.827 -2.645
22859 335.54 -109.27 969.09 -1.745 3.965 -0.173
22960 298.18 -145.16 940.64 0.941 1.462 0.773
23058 338.47 -107.81 967.26 2.284 -6.411 -2.980
23156 333.10 -115.25 964.20 0.117 1.187 0.560
23257 323.70 -119.77 961.03 -0.341 -0.644 -0.997
23355 328.95 -115.74 959.81 -0.707 0.363 -0.081
23453 329.80 -120.50 962.98 -0.188 -0.522 -1.088
23552 326.50 -118.06 963.84 -0.249 -0.003 -0.997
23652 334.93 -114.77 967.26 -0.646 -0.735 -1.607
23750 322.11 -116.96 963.23 0.178 -0.338 -0.783
23848 330.78 -116.60 956.39 -0.280 1.218 -0.203
23949 331.63 -116.47 963.47 -0.799 0.241 -0.569
24047 326.75 -122.09 957.37 -0.493 2.256 0.010
24145 321.99 -113.79 959.81 -0.799 -0.918 -1.271
24244 322.84 -114.89 963.23 -0.646 1.035 -0.600
24344 321.62 -118.55 962.25 -0.524 1.279 -0.325
24442 319.06 -118.18 964.33 -0.341 1.706 -0.203
24713 319.42 -120.26 961.76 -0.738 1.584 -0.325
24811 314.79 -117.33 961.15 -1.378 2.622 -0.936
24909 327.36 -109.03 979.34 -0.707 -2.169 -1.302
25008 338.96 -124.53 970.06 -2.721 -3.665 2.726
25108 373.62 -191.06 944.18 -5.285 -27.255 5.839
25206 569.55 -222.92 1052.95 3.443 20.719 43.345
25305 353.24 -253.80 1058.81 -12.243 12.632 72.703
25405 202.72 -236.35 1041.11 -40.044 30.790 81.675
25503 104.58 -321.67 918.31 -64.245 -11.142 84.819
25602 117.64 -382.47 835.18 -83.227 -48.343 96.598
25700 31.34 -475.24 688.69 -79.076 -59.695 76.884
25800 53.68 -473.16 684.79 -57.714 -48.343 36.235
25899 38.05 -489.03 630.10 -15.172 -26.645 6.450
25997 332.97 -852.68 495.70 -8.184 -112.613 -8.870
26097 299.77 -738.30 556.25 3.993 20.414 -2.736
26195 186.12 -748.68 541.35 12.599 -1.529 5.839
26294 262.42 -777.00 563.69 11.408 -15.902 1.597
26392 404.51 -712.42 668.18 5.488 -11.721 3.123
26492 300.26 -761.13 598.73 2.345 48.825 3.917
26765 226.53 -733.30 699.19 -0.005 10.923 0.651
26863 56.73 -710.22 723.48 -23.687 -112.735 -6.459
26961 408.54 -781.27 359.96 -18.072 -35.220 -7.344
27062 433.44 -802.51 441.50 11.439 -25.515 -4.903
27160 422.57 -739.89 562.96 -0.951 -29.574 -6.276
27258 413.42 -756.00 355.81 1.887 -71.017 -11.739
27357 693.33 -733.05 482.03 -1.684 -14.315 3.093
27457 428.19 -758.08 452.73 -4.980 49.741 5.931
27555 436.37 -770.77 413.18 -0.616 -7.296 -1.241
27654 446.62 -762.35 435.03 3.535 -4.123 -3.713
27752 489.35 -758.32 405.00 4.084 0.577 -4.201
27852 645.23 -747.94 454.93 8.875 27.860 -0.600
27951 405.36 -740.86 494.72 -1.867 11.594 -1.638
28049 430.63 -749.17 517.92 1.948 -10.745 -2.217
28149 492.89 -749.78 519.14 0.056 -2.658 -2.004
28248 467.62 -753.80 482.15 -1.775 -0.766 -1.393
28346 463.34 -749.90 481.29 0.575 -2.871 -1.699
28444 495.08 -741.96 498.26 -0.280 -7.937 0.560
28545 432.34 -775.65 451.75 -1.440 -5.008 0.285
28813 451.26 -757.59 455.90 -2.447 -1.407 -0.295
28913 435.63 -747.21 488.98 0.666 2.469 -2.065
29011 447.60 -748.80 508.88 0.575 9.702 -1.821
29110 466.76 -751.12 493.38 -0.554 10.068 -1.363
29210 425.26 -751.85 514.38 -0.524 5.887 -0.936
29308 432.09 -746.11 513.28 -0.097 0.394 -1.332
29407 454.56 -746.24 503.88 0.208 -0.338 -0.783
29505 460.78 -748.43 521.21 0.178 -2.353 -0.295
29605 463.22 -747.46 501.80 -0.860 -5.099 -1.058
29704 448.57 -747.21 504.61 -1.073 -8.242 -1.088
29802 455.41 -744.65 507.42 -1.043 3.934 -1.241
29902 462.86 -752.09 495.70 -0.158 8.115 -0.051
30001 463.71 -750.39 504.12 0.025 0.272 -0.966
30099 462.98 -745.01 505.59 -0.646 -0.735 -0.661
30197 461.51 -747.58 515.96 -1.378 -1.407 -0.997
30298 446.99 -751.97 493.99 -1.714 3.568 -1.302
30396 460.54 -751.36 513.76 0.453 -2.536 -2.492
30494 429.17 -749.65 512.06 -1.440 6.589 -1.912
30595 396.21 -741.72 519.75 1.368 11.777 0.865
30863 430.75 -753.80 522.07 -0.127 -2.810 -0.112
30961 428.55 -754.66 518.28 -0.616 -0.918 -0.386
31059 435.02 -753.80 513.76 0.208 -4.306 -0.600
31160 443.94 -751.24 515.72 -0.646 -4.062 -1.088
31258 442.47 -751.61 507.91 0.361 -1.986 -1.516
31356 439.79 -744.89 518.04 1.643 -2.993 -2.523
31455 454.07 -751.97 509.98 -0.493 -0.613 -4.262
31555 461.76 -738.79 516.08 -0.066 -0.857 -4.903
31653 442.35 -749.65 506.93 -1.226 4.575 0.193
31752 450.41 -737.08 537.81 0.331 0.333 -0.783
31852 451.02 -744.40 514.62 -0.585 2.195 1.536
31950 452.48 -748.43 528.54 -1.073 -3.268 -0.142
32049 451.14 -750.02 514.86 -2.630 2.225 -1.119
32147 448.94 -751.48 504.98 -2.691 2.835 0.407
32247 422.70 -750.02 499.48 -0.585 0.089 -1.027
32346 431.24 -752.22 502.90 -0.036 -0.888 -1.454
32444 435.88 -749.29 502.17 -0.249 1.950 -1.973
32544 440.40 -748.92 507.05 -0.829 0.791 -1.790
32643 441.86 -749.53 509.86 -0.249 0.180 -1.638
32913 451.87 -752.95 503.27 -0.646 2.317 -0.905
33011 453.82 -749.41 497.65 -1.348 1.401 -0.783
33110 454.31 -751.36 494.97 -0.005 -1.132 -0.997
33210 449.06 -746.72 510.83 -0.188 1.187 -1.241
33308 450.89 -748.55 505.46 -0.310 -0.186 -1.363
33406 448.45 -750.14 507.91 -0.738 0.638 -1.058
33505 440.64 -750.63 502.90 -0.310 1.248 -0.844
33605 443.81 -749.90 510.47 -0.341 1.096 -0.814
33703 441.13 -746.11 513.40 -0.127 -0.766 -1.058
33802 433.44 -749.90 506.56 -0.371 0.455 -1.027
33902 437.83 -751.24 511.57 -0.097 0.028 -0.936
34000 438.81 -748.92 505.34 -0.402 1.676 -0.814
34099 439.05 -749.41 507.54 0.178 1.187 -1.058
34197 444.79 -751.36 509.13 0.117 0.394 -0.508
34297 451.87 -746.85 506.07 0.269 0.150 -0.478
34396 449.43 -748.68 518.16 0.056 -1.132 -0.447
34494 452.97 -750.39 510.83 -0.829 -2.200 -0.173
34594 444.30 -752.34 505.46 -0.646 0.119 -0.508
34693 436.25 -753.93 511.45 -0.432 0.272 -0.631
34963 445.03 -752.46 508.15 -0.188 -0.796 -0.905
35061 450.16 -754.66 508.88 -0.432 -0.338 -0.722
35160 455.53 -750.63 513.28 -0.524 -0.003 -0.692
35258 455.78 -755.76 510.22 -0.921 -0.338 -0.661
35358 452.11 -751.00 503.51 -0.005 0.028 -0.966
35457 442.71 -747.46 519.50 0.086 -0.613 -1.027
35555 443.45 -752.95 515.23 -0.493 -1.223 -1.149
35655 445.64 -752.71 509.49 -0.158 -0.125 -1.332
35753 447.84 -752.09 510.22 -0.402 0.363 -1.088
35852 441.74 -749.78 509.37 -0.249 0.577 -0.875
35950 441.01 -744.40 515.60 0.178 -0.583 -0.875
36050 430.75 -752.95 504.00 -0.616 0.608 -0.783
36149 439.54 -743.79 510.83 -0.402 0.821 -0.905
36247 441.37 -752.22 503.63 -0.554 1.584 -1.149
36347 445.52 -750.14 509.98 -0.524 0.119 -0.936
36446 446.38 -749.53 513.52 -0.493 3.141 -1.210
36544 442.96 -750.39 515.60 -0.249 0.974 -0.783
36642 437.34 -747.70 514.13 -0.463 1.615 -0.783
36743 446.25 -752.83 505.71 -0.890 0.821 -0.692
37013 451.63 -749.53 507.54 1.978 15.744 -0.203
37111 401.33 -746.24 551.97 4.908 24.686 0.010
37210 403.77 -741.60 568.57 5.335 27.951 0.224
37310 348.96 -731.34 607.76 4.756 18.247 -0.173
37408 344.94 -729.27 613.86 3.016 15.103 -0.417
37507 349.45 -715.72 627.05 1.429 12.113 -1.058
37605 323.57 -730.37 628.27 0.422 4.239 -1.332
37705 327.72 -728.66 618.01 -0.982 6.162 -1.210
37804 322.72 -725.85 632.29 0.788 8.664 -1.302
37902 289.15 -722.43 650.00 1.612 24.747 -0.569
38002 234.83 -720.72 655.98 1.246 25.266 -1.058
38100 225.43 -720.72 676.48 3.474 28.531 -0.508
38199 186.86 -722.07 735.93 5.732 36.039 -2.675
38297 230.56 -718.89 708.22 0.697 -13.675 0.956
38397 196.01 -707.17 691.74 -1.684 28.409 -0.478
38496 158.17 -730.49 679.05 5.244 102.048 1.078
38594 -148.72 -694.72 697.36 12.751 76.566 0.193
38692 -60.21 -685.81 766.57 9.577 69.608 0.590
38793 -223.91 -667.38 753.14 3.993 28.409 -1.851
39063 -191.56 -676.66 695.77 -3.332 0.394 0.560
39161 -230.50 -685.69 700.41 -1.623 3.751 -0.692
39260 -212.56 -678.97 725.31 -1.897 -3.177 0.193
39358 -223.18 -679.10 701.02 -0.921 3.873 -1.912
39458 -220.62 -676.17 705.66 0.025 -1.712 -0.417
39557 -207.55 -677.51 704.56 -0.463 3.598 0.499
39655 -213.78 -665.67 762.91 -0.524 -3.177 -4.659
39755 -221.71 -693.13 680.39 -2.752 13.791 -3.499
39854 -252.84 -683.61 680.76 1.887 1.218 -2.156
39952 -256.14 -679.22 675.51 7.533 -6.259 -4.445
40050 -153.96 -669.09 777.80 3.657 -6.900 -1.088
40151 -220.74 -665.06 728.36 -0.158 -2.536 -0.447
40249 -207.92 -667.74 722.38 -0.799 -2.505 -0.173
40347 -197.18 -674.70 720.43 -1.653 -0.033 -1.485
40448 -200.47 -671.89 733.49 0.086 0.394 -1.119
40546 -211.34 -671.28 724.95 -1.104 0.486 -1.149
40644 -206.70 -671.77 721.65 -0.799 0.119 -0.905
40742 -209.38 -674.09 721.41 -0.341 0.882 -0.875
40843 -207.19 -671.53 723.24 -0.280 0.241 -0.722
41115 -210.48 -671.89 723.60 0.025 0.089 -0.234
41213 -212.44 -663.84 724.34 -1.531 0.394 0.407
41312 -214.39 -673.97 709.08 -1.348 1.554 -1.241
41412 -183.75 -677.39 751.92 -2.233 3.110 1.140
41510 -219.15 -678.24 709.32 -2.508 5.582 -0.875
41609 -254.55 -677.02 685.15 -0.310 3.842 -0.112
41707 -255.53 -670.43 713.23 -0.707 1.187 -0.844
41807 -229.77 -679.46 706.76 0.392 -0.644 -1.516
41906 -248.81 -676.41 706.64 0.025 -1.773 -0.905
42004 -245.52 -672.99 701.63 -0.616 0.302 -0.844
42102 -240.15 -673.36 710.18 -0.524 -0.125 -0.936
42203 -225.25 -675.31 709.81 0.025 -0.003 -0.631
42301 -233.31 -672.26 718.84 0.025 0.394 -0.325
42399 -237.95 -677.39 703.10 -0.310 -0.338 -0.325
42500 -235.75 -681.29 709.57 -0.799 -1.803 -0.844
42598 -227.08 -672.99 714.08 0.269 -2.841 0.102
42696 -221.10 -671.41 709.69 -0.432 -3.390 0.193
42795 -223.06 -671.28 724.09 -0.371 -1.925 0.071
42895 -239.78 -677.51 705.17 0.575 -1.803 -0.753
43163 -210.85 -666.52 738.25 -1.043 -2.353 0.377
43264 -194.86 -663.35 757.78 -7.787 -7.449 -1.424
43362 -189.73 -688.01 701.88 -8.459 -1.407 -0.142
43460 -223.79 -682.88 689.91 -1.592 -7.419 -1.546
43560 -204.75 -685.20 707.61 -1.775 -6.533 -1.668
43659 -205.23 -689.96 709.57 -0.677 -2.108 -1.729
43757 -198.40 -687.28 711.88 -1.287 -5.923 -2.217
43855 -178.26 -691.30 699.19 -0.493 -6.869 -1.332
43956 -174.23 -688.62 716.28 -0.158 -1.101 -2.126
44054 -174.59 -687.64 707.49 1.673 -1.742 -1.973
44152 -165.68 -688.01 699.43 3.779 -9.372 -0.875
44251 -129.67 -680.32 765.84 2.589 -9.158 -0.112
44351 -178.13 -685.57 728.61 -1.684 -36.471 1.109
44449 -24.94 -678.49 763.52 -9.313 -110.141 7.029
44548 -30.19 -679.34 754.37 -7.085 -95.218 2.574
44648 125.21 -692.89 768.28 -2.782 -33.755 0.041
44746 211.27 -703.39 709.81 -2.263 -14.682 -0.356
44845 61.86 -694.23 713.23 2.162 60.880 -4.201
44943 41.96 -694.36 714.20 4.328 15.012 -6.856
45217 305.39 -384.79 864.72 51.661 -35.647 -81.044
45316 399.14 -373.80 899.63 44.337 28.440 -88.582
45414 446.62 -157.49 985.57 19.038 73.972 -105.123
45512 393.15 -313.86 957.86 15.345 28.012 -88.765
45613 313.56 -380.39 1126.31 44.032 115.598 -49.794
45711 399.14 -311.54 1047.09 -11.632 -41.079 4.344
45809 60.76 -166.04 811.74 5.885 26.090 -5.361
45910 434.05 -163.47 1015.23 5.122 -25.851 -31.148
46008 414.52 -78.27 969.82 -13.738 -19.198 -19.765
46106 431.97 -143.33 911.35 -8.916 -4.306 7.701
46204 291.23 -147.36 927.95 3.291 7.474 8.403
46305 321.74 -130.15 967.26 3.169 -2.169 0.193
46403 393.64 -132.83 941.50 -2.019 -13.736 8.983
46501 322.35 -157.00 920.87 2.986 3.629 16.337
46602 323.45 -142.72 968.84 4.298 -3.665 7.609
46700 372.28 -156.88 944.55 -1.256 10.129 3.398
46798 373.75 -179.34 920.99 2.345 17.881 10.539
46897 364.10 -161.52 954.68 13.423 18.430 21.403
46997 168.42 -120.14 994.11 19.892 17.057 32.451
47267 278.16 -145.89 948.21 -5.163 4.697 -6.032
47368 287.81 -136.13 958.34 -0.005 -0.827 -1.454
47466 295.62 -128.56 981.29 1.704 -6.625 0.102
47564 313.69 -125.14 977.27 0.178 -5.435 -0.600
47665 315.88 -135.64 961.88 -0.432 0.211 -0.569
47763 312.71 -134.17 968.11 -0.585 -1.651 -1.363
47861 306.85 -138.08 958.34 -1.348 0.638 -1.302
47960 311.98 -139.30 960.05 -0.463 -1.376 -1.668
48060 318.94 -129.54 974.58 -2.202 -0.369 -4.964
48158 345.06 -140.64 963.47 -7.421 -8.365 -1.699
48257 374.60 -163.47 951.88 1.093 13.303 -0.142
48355 317.59 -138.33 980.56 1.734 -7.113 0.438
48455 309.05 -146.02 956.15 -0.280 -2.078 -1.821
48553 341.27 -136.25 966.89 -2.233 -1.864 -2.401
48652 332.61 -151.14 937.47 -3.728 -7.785 -0.966
48752 352.87 -144.79 950.17 -0.890 -6.900 -2.248
48850 368.37 -158.22 934.79 -4.919 2.683 -3.835
48949 351.16 -161.27 930.15 -0.982 -2.322 -3.774
49047 356.66 -150.29 945.16 0.514 5.887 -6.704
49319 301.85 -128.19 974.58 2.619 8.451 -22.603
49418 235.20 -134.66 915.13 -1.287 13.913 -22.420
49516 331.14 -99.14 977.51 -6.597 10.190 -12.532
49614 205.90 -132.59 1026.70 12.202 -32.107 -7.375
49715 298.31 -87.91 963.84 6.831 7.535 -6.490
49813 249.23 -116.35 968.23 -2.935 12.937 3.001
49911 337.49 -124.90 973.97 -6.505 6.620 2.452
50012 300.99 -141.25 942.11 3.047 7.993 5.595
50110 299.89 -101.22 964.94 4.054 16.141 5.565
50208 222.38 -106.59 979.34 0.727 9.244 -1.271
50307 278.53 -113.06 1027.31 2.162 -6.564 -4.598
50407 248.87 -136.74 934.91 -2.508 -2.810 0.865
50505 294.40 -89.86 965.55 0.788 -4.458 -0.478
50604 299.16 -114.03 980.68 -1.867 -2.017 -1.302
50704 291.10 -117.94 969.94 -0.432 0.302 -0.905
50802 310.27 -121.97 1044.65 1.826 -1.162 3.062
50900 282.80 -131.37 973.48 -0.432 -3.848 0.834
50999 305.63 -113.67 919.89 -0.097 1.371 -5.208
51099 280.48 -81.81 965.67 -1.775 5.155 -0.753
51369 301.60 -126.12 982.76 -0.249 -1.040 -1.302
51468 285.73 -120.87 969.58 -1.623 1.767 -1.088
51566 282.68 -113.54 965.91 -1.897 2.011 -1.546
51664 291.35 -122.58 974.21 -2.141 0.486 -1.454
51765 277.43 -130.63 961.03 -1.745 -2.780 -1.485
51863 292.08 -123.07 979.71 -0.799 0.425 -1.699
51961 277.80 -127.46 980.32 -2.782 2.927 -2.431
52062 296.47 -131.98 973.85 -2.325 -1.346 -1.943
52160 300.50 -137.23 975.92 -1.897 -4.001 -0.722
52258 254.60 -132.71 999.36 0.605 3.354 1.445
52357 275.72 -136.98 976.78 -2.019 1.798 -0.753
52457 252.77 -149.19 963.72 1.673 5.399 1.140
52555 275.97 -143.21 982.64 1.368 4.361 -1.393
52654 327.97 -147.97 975.19 -0.463 -2.871 0.773
52754 288.54 -142.23 982.88 0.819 -3.146 0.895
52852 301.72 -142.48 986.79 -2.508 -1.254 0.254
52951 292.81 -152.97 939.30 -2.447 -6.656 -0.936
53049 286.10 -152.00 950.65 2.528 1.371 -2.584
53149 301.11 -136.86 977.63 2.101 2.591 -2.370
53417 238.86 -138.08 991.55 -2.080 7.505 -7.619
53516 168.42 -190.08 950.65 3.382 9.702 -26.296
53614 276.46 -129.78 1114.35 11.927 32.498 -41.127
53712 318.08 -73.99 952.36 3.535 55.905 -41.097
53813 81.87 30.38 850.07 14.613 2.866 -33.437
53911 577.36 37.94 1149.26 -16.668 -13.705 -8.718
54009 122.40 -85.35 912.45 -16.790 -58.841 -0.844
54110 300.63 -143.21 1008.88 3.565 -9.677 9.105
54208 226.89 -31.51 973.85 0.086 -1.620 3.550
54306 332.36 -78.63 989.47 0.758 -5.008 -0.905
54405 267.42 -74.60 971.53 0.086 -1.223 0.377
54505 307.09 -70.21 990.08 -0.493 -6.869 -1.699
54603 303.92 -79.49 959.08 0.575 -7.815 -0.936
54702 326.14 -73.14 970.19 -0.280 -8.639 -0.203
54802 339.08 -70.21 969.82 0.056 -4.916 -0.722
54900 338.96 -74.48 966.89 -0.036 -1.132 -0.173
54999 325.89 -70.58 961.76 0.117 -1.620 -0.722
55097 349.45 -77.17 957.86 -0.097 -3.360 -0.600
55197 342.74 -73.63 959.08 -0.493 -2.292 -0.508
55465 358.24 -71.06 960.30 -0.463 -1.346 -0.997
55564 353.60 -67.40 963.84 -0.524 -0.888 -0.325
55662 347.62 -68.62 957.86 -0.158 -1.346 -0.600
55760 353.60 -72.04 958.34 -0.249 -1.132 -1.088
55861 350.67 -68.26 960.66 -0.158 -0.979 -1.058
55959 352.75 -68.26 960.05 -0.432 -0.888 -0.722
56057 354.70 -68.75 961.03 -0.432 -1.010 -0.936
56158 355.56 -69.97 957.49 -0.280 0.150 -0.966
56256 355.56 -68.99 959.20 -0.493 0.363 -1.027
56354 337.37 -64.59 957.86 0.117 0.211 -0.936
56453 354.58 -68.75 953.34 -0.188 0.241 -1.058
56553 352.14 -73.26 957.73 -0.463 -0.399 -0.844
56651 355.92 -66.91 959.44 -0.402 -0.003 -0.844
56750 353.73 -65.57 959.57 -0.402 1.218 -0.661
56848 351.28 -69.36 959.57 -0.127 0.425 -0.753
56948 349.58 -70.94 957.00 -0.341 0.608 -0.814
57047 347.62 -72.41 959.44 -0.463 -1.010 -1.210
57145 353.73 -69.72 958.10 -0.402 0.882 -0.753
57245 350.55 -71.31 959.08 -0.280 0.119 -1.149
57513 347.01 -69.11 960.79 -0.127 0.150 -1.058
57612 349.82 -72.90 954.93 -0.371 0.363 -0.997
57710 347.26 -68.50 960.30 -0.432 -0.613 -1.149
57810 352.38 -64.11 957.98 -0.341 0.577 -0.722
57909 350.43 -73.38 963.35 -0.310 0.211 -0.783
58007 352.14 -71.55 955.42 -0.310 0.180 -0.814
58107 349.09 -68.13 957.37 -0.371 -0.186 -0.905
58206 350.43 -72.04 957.25 -0.280 0.211 -0.905
58304 354.09 -70.58 956.76 -0.524 -0.338 -0.814
58402 350.31 -67.40 961.03 -0.341 -0.247 -0.875
58503 349.58 -67.89 958.96 -0.432 0.425 -1.302
58601 350.92 -71.67 957.00 -0.524 0.547 -0.753
58699 346.40 -67.52 959.32 -0.585 -0.583 -1.180
58800 343.84 -69.72 959.44 -0.371 0.089 -0.814
58898 348.72 -70.70 963.59 -0.432 0.791 -1.027
58996 350.55 -71.19 958.22 -0.524 0.119 -0.844
59095 346.89 -70.70 956.76 -0.616 0.211 -0.997
59195 345.67 -69.97 962.01 -0.341 0.363 -0.905
59293 348.72 -72.16 957.25 -0.646 0.150 -1.271
59561 348.11 -67.52 960.66 -0.371 0.150 -0.875
59660 352.14 -70.82 959.20 -0.463 0.211 -1.088
59760 349.09 -72.04 961.27 -0.432 -0.308 -0.966
59858 346.52 -71.80 958.71 -0.310 -0.033 -0.905
59957 347.38 -70.82 955.29 -0.371 0.699 -0.997
60055 346.89 -70.21 962.50 -0.768 -0.918 -0.997
60155 350.06 -71.67 960.30 -0.341 -0.369 -1.027
60254 345.79 -75.95 961.15 -0.341 -0.094 -0.844
60352 347.87 -75.21 959.93 -0.310 -0.125 -0.966
60452 346.40 -70.82 957.00 -0.310 0.272 -0.844
60551 347.26 -69.60 962.50 -0.524 -0.277 -1.027
60649 346.65 -73.99 959.44 -0.371 0.241 -0.844
60747 350.80 -72.41 957.37 -0.249 -0.003 -0.692
60848 350.80 -70.82 955.29 -0.341 -0.766 -0.692
60946 345.30 -69.48 956.39 -0.219 0.302 -1.180
61044 350.19 -68.87 960.54 -0.219 0.577 -0.844
61145 348.96 -68.13 960.05 -0.127 -0.491 -0.753
61243 349.94 -71.67 958.71 -0.249 -0.186 -0.631
61341 352.26 -71.06 962.13 -0.249 -0.338 -1.088
61612 354.82 -70.94 961.52 -0.341 0.028 -0.966
61710 346.16 -67.52 961.76 -0.310 -1.010 -1.058
61808 352.87 -67.65 959.44 -0.280 -0.003 -0.966
61906 348.72 -73.14 956.51 -0.310 0.302 -0.905
62007 349.94 -70.45 962.98 -0.493 -0.216 -0.905
62105 348.48 -67.65 959.44 -0.402 -0.186 -0.966
62203 348.72 -70.21 960.18 -0.280 0.394 -0.966
62302 353.36 -71.31 956.88 -0.402 0.241 -0.814
62402 351.53 -69.84 960.05 -0.432 -0.186 -1.180
62500 348.11 -67.04 958.47 -0.646 -0.949 -1.180
62599 352.75 -67.89 956.27 -0.341 0.486 -0.753
62699 347.74 -73.87 960.42 -0.341 -0.155 -0.905
62797 354.58 -71.06 960.66 -0.463 -0.277 -0.753
62896 349.21 -70.94 959.81 -0.341 0.333 -0.875
62994 349.09 -66.67 959.08 -0.310 0.363 -1.058
63094 346.89 -71.19 959.32 -0.341 0.394 -0.753
63193 353.73 -70.70 960.66 -0.493 0.516 -0.936
63291 353.24 -70.09 960.91 -0.677 -0.796 -0.814
63391 353.36 -67.77 959.93 -0.616 -0.247 -0.875
63657 349.33 -70.94 961.64 -0.432 0.241 -0.814
63756 348.96 -71.55 958.47 -0.371 0.272 -0.997
63856 352.87 -72.16 959.57 -0.493 0.211 -0.844
63954 350.67 -70.94 958.34 -0.463 0.394 -0.875
64053 348.96 -70.70 961.15 -0.219 -0.033 -0.814
64151 344.81 -73.02 958.71 -0.524 -0.583 -1.058
64251 346.16 -71.31 960.18 -0.463 -0.094 -0.783
64350 351.28 -72.53 957.49 -0.341 -0.247 -1.027
64448 346.65 -69.23 962.62 -0.524 -0.460 -0.966
64548 339.08 -71.31 956.51 -0.188 0.974 -1.088
64647 355.92 -72.77 955.66 -0.341 0.608 -1.180
64745 361.42 -73.38 957.25 -0.860 -1.620 -1.088
64843 339.08 -69.97 964.20 -0.524 -1.193 -0.722
64944 334.32 -66.55 955.54 -0.158 1.432 -0.875
65042 352.38 -71.06 955.90 -0.249 1.432 -0.966
65140 354.21 -73.75 952.85 -0.524 -0.766 -0.875
65239 348.60 -69.36 960.42 -0.066 0.333 -0.722
65339 351.41 -69.11 958.22 -0.310 -0.003 -0.631
65437 349.82 -68.01 961.40 -0.524 -0.399 -0.905
65705 346.77 -77.41 961.03 -0.463 -0.888 -1.119
65804 355.68 -70.45 959.20 -0.249 -0.277 -0.875
65902 348.60 -71.80 955.42 -0.188 -0.369 -0.936
66000 348.60 -71.31 955.42 -0.280 -0.308 -0.936
66101 354.82 -70.09 958.10 -0.341 -0.430 -1.058
66199 351.04 -69.36 957.86 -0.402 -0.766 -1.058
66297 351.77 -67.16 956.51 -0.310 -0.033 -1.027
66398 350.19 -68.01 956.15 -0.188 0.272 -0.692
66496 358.36 -72.65 954.44 -0.310 0.180 -0.966
66594 354.34 -73.51 957.98 -0.524 0.211 -0.844
66693 353.24 -67.77 959.69 -0.524 -1.101 -1.088
66793 349.09 -70.09 959.93 -0.341 0.058 -0.905
66891 350.92 -69.72 959.81 -0.280 0.211 -0.997
66990 353.97 -71.67 955.66 -0.493 0.455 -0.844
67090 347.26 -67.89 965.06 -0.249 0.638 -1.058
67188 346.65 -67.52 961.27 -0.554 0.302 -0.997
67287 360.81 -66.30 959.44 -0.432 -0.033 -0.569
67385 353.12 -72.29 959.93 -0.616 -0.613 -1.027
67485 348.84 -70.82 956.51 -0.402 -0.247 -1.027
67753 346.04 -70.09 956.88 -0.524 1.218 -0.905
67852 353.24 -69.84 958.34 -0.463 0.669 -0.631
67952 353.12 -75.46 956.76 -0.799 -0.644 -1.271
68050 345.91 -69.23 960.54 -0.677 -0.094 -0.905
68149 345.42 -70.09 959.08 -0.249 0.699 -0.966
68247 352.75 -72.29 957.00 -0.432 1.004 -0.905
68347 353.85 -73.63 952.61 -0.646 -0.674 -0.936
68446 346.65 -72.65 958.83 -0.524 0.486 -0.875
68544 340.66 -70.82 958.96 -0.280 0.791 -0.783
68644 342.37 -69.84 960.42 -0.280 -0.033 -0.814
68743 350.31 -71.55 964.57 -0.402 0.180 -0.966
68841 345.18 -73.75 956.88 -0.371 0.730 -1.027
68939 350.06 -72.53 956.88 -0.493 -0.155 -0.966
69040 348.84 -72.53 960.05 -0.524 -0.399 -0.966
69138 347.01 -71.43 958.96 -0.677 0.211 -0.936
69236 353.60 -71.55 967.01 -0.829 0.730 -0.753
69337 344.08 -79.85 951.26 -0.585 1.828 -0.600
69435 337.98 -75.70 958.10 -0.219 -1.498 -0.814
69533 341.88 -68.87 963.84 -0.310 -1.101 -1.882
69801 342.86 -75.21 958.22 -0.158 -0.399 -0.569
69902 353.36 -71.80 960.42 -0.707 0.333 -0.264
70000 344.45 -69.60 963.35 -1.714 2.530 -0.478
70098 336.51 -73.51 962.01 -0.463 2.561 -0.264
70197 333.10 -72.65 965.42 0.178 0.241 -1.088
70297 337.98 -74.24 965.18 -0.127 -0.308 -1.271
70395 342.98 -70.94 964.69 0.025 -1.468 -1.516
70494 341.03 -72.90 965.55 -0.036 -0.094 -0.722
70594 341.88 -71.67 961.27 -0.371 -0.308 -0.966
70692 334.80 -71.67 958.71 -0.219 0.089 -0.844
70791 340.05 -74.48 960.54 -0.402 -0.644 -1.302
70889 342.98 -72.65 966.16 -0.402 -0.247 -1.302
70989 340.42 -71.31 959.69 -0.524 0.241 -0.295
71088 342.13 -79.24 961.15 -0.493 1.187 -0.844
71186 396.82 -90.60 942.35 7.136 11.747 0.590
71286 278.41 -41.77 1016.45 0.819 13.272 0.224
71385 313.32 -69.36 950.90 -1.867 2.713 -3.102
71483 304.78 -70.09 956.64 1.612 8.664 0.010
71581 289.64 -51.78 1017.06 -3.515 3.568 -0.722
