2121 101.28 578.23 807.47 -15.294 -6.045 -30.080
2166 76.87 581.16 705.66 -7.848 11.319 -29.592
2217 264.98 904.64 398.65 22.456 22.672 -15.676
2265 -28.72 884.14 340.42 15.620 47.971 4.161
2314 233.49 952.25 668.18 9.638 -18.527 9.410
2363 33.90 767.44 668.43 7.960 -2.871 16.002
2410 199.43 634.38 714.94 13.728 -35.190 15.666
2459 155.61 661.72 679.78 23.982 -34.610 14.994
2508 63.69 642.56 642.67 32.069 -35.922 15.452
2557 186.73 620.22 596.77 41.621 -33.603 18.229
2605 176.48 695.17 734.22 40.827 -19.809 21.647
2654 212.49 714.34 739.11 44.459 -36.563 20.427
2703 283.17 744.24 668.55 44.520 -51.211 24.974
2752 238.98 859.97 671.97 40.644 -126.193 25.889
2799 486.42 918.56 483.61 45.222 -299.289 51.066
2848 795.50 807.11 355.93 41.621 -220.797 52.562
2897 450.53 729.35 351.78 50.257 25.876 16.612
2947 472.26 734.84 436.37 37.440 40.311 -2.706
2994 810.63 672.22 408.30 20.320 -37.722 3.489
3043 765.10 727.15 556.86 7.655 1.920 11.363
3092 608.00 580.30 497.29 -21.429 2.286 18.046
3139 688.20 456.65 618.87 -34.582 43.759 24.333
3188 562.95 440.53 592.99 -41.418 62.680 17.955
3237 657.80 446.39 682.83 -45.598 43.790 20.152
3287 734.71 526.10 686.86 -53.502 45.499 20.701
3334 812.95 677.35 733.37 -67.266 56.180 22.044
3383 714.69 692.73 571.99 -73.400 92.130 7.792
3432 660.49 704.81 484.59 -65.404 82.547 -1.882
3481 607.39 657.33 385.35 -39.403 123.105 -17.751
3530 463.96 718.73 412.32 -8.611 153.745 -35.451
3577 379.73 832.13 524.63 20.106 150.479 -42.714
3627 160.61 915.02 609.96 31.245 121.823 -47.353
3676 232.75 961.04 604.22 35.426 31.339 -41.371
3725 115.20 919.78 636.08 23.249 18.338 -36.367
3776 210.42 858.13 673.31 13.789 -26.400 -11.525
3823 7.53 758.77 771.46 5.335 16.202 -11.678
3872 3.51 719.58 860.44 2.863 -13.492 -8.596
3921 0.82 639.02 898.04 7.960 43.332 -16.256
3969 -69.37 778.18 833.71 -7.879 -28.140 -12.014
4018 224.70 811.63 485.08 10.615 42.691 6.999
4067 94.69 881.82 502.66 22.090 75.071 8.616
4116 96.52 884.38 580.05 16.871 67.929 21.037
4163 -66.44 810.53 636.20 19.770 44.767 25.126
4212 56.24 861.31 698.70 19.221 18.766 28.544
4261 -120.40 916.12 781.95 25.446 27.890 25.676
4311 21.57 629.74 494.84 31.977 -27.224 36.509
4360 -86.46 535.38 352.75 39.210 -2.810 29.796
4407 -58.63 952.62 757.91 21.021 1.096 20.518
4456 -52.40 799.79 616.30 14.124 -42.300 20.091
4505 193.69 825.54 548.31 10.401 -49.380 30.070
4554 250.82 854.35 502.05 14.674 -44.070 22.197
4601 167.57 785.01 667.94 20.747 -15.414 16.642
4651 87.37 793.19 621.55 23.493 -16.330 14.262
4700 45.01 813.46 659.39 23.493 -15.902 13.926
4749 175.14 852.89 559.30 26.362 -13.339 16.185
4796 171.84 881.33 493.13 21.144 -14.163 15.117
4845 203.09 857.16 513.28 19.007 -4.092 15.056
4894 229.46 806.38 508.88 18.305 -13.492 10.905
4943 225.19 835.43 460.91 15.254 -21.609 8.555
4990 194.06 847.15 437.10 14.430 -12.576 9.562
5040 253.99 865.46 498.75 11.286 -19.076 10.447
5089 322.60 876.32 447.48 9.577 -9.097 11.668
5136 -107.21 587.99 687.35 7.350 25.602 -19.887
5185 428.19 785.63 586.15 -11.663 -27.682 -1.393
5234 133.51 672.34 341.16 12.202 7.199 -14.241
5283 242.89 981.67 264.13 -0.036 -9.524 -10.823
5332 200.41 906.84 431.25 5.305 19.895 -6.978
5382 163.05 944.44 588.47 10.157 -12.088 -9.694
5431 221.28 1122.42 623.51 -4.583 -72.757 -6.459
5480 -8.33 1191.63 653.78 -45.995 -133.639 -12.502
5527 402.07 1026.47 908.78 -118.047 -154.879 27.415
5576 394.50 825.18 772.80 -144.811 -36.929 12.584
5625 395.60 720.93 663.67 -148.290 -2.047 8.128
5675 404.87 587.02 547.09 -136.297 8.206 11.790
5724 473.23 513.65 502.66 -119.146 40.067 8.708
5771 491.18 474.35 528.41 -87.041 60.880 6.205
5820 423.43 523.54 590.67 -64.825 38.999 -0.905
5869 573.94 562.11 695.16 -59.972 45.621 -3.255
5918 464.93 473.86 723.85 -44.561 21.939 2.391
5965 346.52 416.61 615.45 -31.957 -151.370 22.075
6014 529.75 282.45 493.26 -11.480 -341.647 32.664
6064 625.33 213.73 352.51 -4.796 -397.586 11.699
6113 926.11 265.97 118.01 -21.886 -408.633 33.152
6162 921.35 296.25 -45.20 -33.880 -264.254 -0.173
6211 1132.29 379.62 -11.87 -39.037 -107.669 -3.072
6258 986.05 338.73 -211.70 -19.628 -94.455 -4.628
6307 1071.25 310.04 -227.45 -6.444 -13.522 -6.642
6356 836.64 267.80 -162.87 -5.865 -22.036 -5.178
6406 1098.84 286.24 -246.12 -13.585 -8.059 -9.298
6455 775.84 261.46 -335.84 -15.050 13.333 -11.617
6502 973.11 313.70 -349.64 -11.022 -23.257 -9.847
6551 828.82 394.27 -414.09 10.584 47.238 -8.565
6600 718.23 509.50 -184.48 1.002 -53.958 -1.729
6649 927.46 411.72 -239.65 0.575 -16.787 0.529
6696 922.45 345.93 -364.04 1.032 -27.926 0.316
6746 1062.47 307.35 -232.70 2.894 19.162 -8.474
6795 755.09 575.79 -385.41 1.765 23.557 -2.126
6844 947.96 368.02 -389.80 10.890 -9.066 -7.161
6891 879.12 318.71 -296.90 1.795 -5.954 -7.283
6940 855.80 361.92 -293.73 3.718 -2.719 -10.305
6989 729.58 477.28 -229.89 -1.195 -2.353 -19.673
7038 1099.58 336.16 -434.48 -2.874 -7.419 -6.704
7086 842.13 336.65 -391.75 3.504 -27.499 -14.516
7135 827.24 417.71 -288.48 -2.202 -12.698 -14.760
7184 873.87 368.75 -431.30 -3.332 -28.354 -20.986
7233 790.62 380.47 -375.88 -1.867 -38.119 -25.624
7282 967.98 401.47 -426.67 -10.564 -50.509 -20.803
7333 738.86 294.54 -435.09 -14.745 -48.953 -22.481
7383 889.49 410.01 -457.30 -21.032 -26.339 -21.169
7430 753.87 440.78 -482.82 -20.086 -37.845 -25.533
7479 777.43 428.81 -423.49 -15.294 -27.804 -24.007
7528 782.44 465.31 -479.89 -15.325 -16.238 -26.937
7577 804.41 511.82 -482.82 -13.006 -8.517 -22.542
7626 658.05 496.68 -453.03 -9.679 -12.362 -23.244
7675 757.78 505.84 -501.25 -12.182 -5.740 -19.551
7725 690.03 506.94 -479.40 -7.207 -8.365 -17.049
7772 661.22 520.73 -475.13 -6.627 9.977 -13.936
7823 694.42 545.76 -462.43 -4.857 -5.740 -13.967
7872 709.19 560.89 -470.98 -4.339 5.033 -8.931
7921 664.27 569.32 -484.28 -2.996 7.901 -7.527
7970 708.83 569.07 -467.92 -2.508 -2.078 -7.741
8017 712.98 593.97 -471.59 -1.562 2.774 -3.408
8067 673.06 590.68 -468.90 1.887 9.977 1.994
8116 624.60 623.52 -479.16 1.795 8.420 0.865
8163 655.12 631.94 -461.94 -1.012 -4.306 3.398
8212 659.51 616.07 -430.21 -5.254 2.225 6.327
8261 609.46 591.17 -436.19 -4.980 -1.132 5.046
8308 658.17 588.97 -465.85 -0.921 4.209 0.651
8357 732.88 574.08 -487.82 1.551 -10.196 3.611
8407 552.21 579.20 -423.86 -2.141 12.632 -0.173
8456 663.78 571.76 -445.10 -2.538 9.061 -2.492
8503 825.65 597.88 -487.46 2.009 23.008 6.938
8552 750.09 540.14 -434.97 4.359 -2.749 9.440
8601 727.14 580.79 -444.98 5.091 12.326 7.945
8648 640.71 585.92 -423.37 5.854 9.763 4.069
8697 670.13 564.31 -439.36 3.810 10.007 4.100
8747 724.33 544.17 -426.54 0.941 3.324 4.893
8794 739.22 490.21 -368.32 0.849 4.697 5.961
8843 816.74 451.76 -404.08 2.101 -9.707 9.898
8890 954.31 452.01 -412.50 3.901 15.897 20.945
8939 892.42 451.64 -424.10 4.633 45.713 31.810
8988 816.25 408.31 -335.36 1.093 66.587 34.343
9037 815.40 473.74 -321.68 1.887 50.168 35.380
9084 864.59 445.17 -272.98 0.269 60.819 26.500
9134 918.18 421.00 -260.04 0.849 48.215 23.295
9183 868.86 403.67 -218.29 0.025 54.074 20.701
9230 1052.94 447.98 -169.22 -5.132 44.675 22.624
9279 876.80 497.42 -182.65 -12.273 27.494 15.208
9328 969.81 398.17 -153.23 -4.735 31.705 5.442
9377 881.31 399.64 -139.92 -6.658 25.113 1.506
9424 983.12 415.39 -89.38 -7.604 22.397 0.743
9474 945.40 471.54 -67.29 -13.769 29.264 2.299
9523 927.70 480.45 -64.24 -12.365 15.500 -2.950
9572 882.17 522.08 -65.70 -9.557 21.543 -2.706
9619 836.15 542.22 -141.51 -2.355 -50.815 -6.704
9668 882.66 492.29 -125.15 -8.642 -17.764 -3.865
9717 380.09 527.57 -115.87 -2.538 57.126 -22.390
9766 935.15 514.87 -124.54 -5.285 15.226 -3.682
9814 843.47 468.12 -68.14 0.086 42.478 -6.093
9863 839.20 465.92 -2.59 -2.202 28.043 -2.034
9914 968.84 540.51 -2.84 2.497 -7.480 -0.447
9963 909.76 527.57 49.65 5.824 5.582 -5.025
10012 829.56 517.31 -13.58 13.300 1.187 -9.633
10059 897.43 524.64 -8.21 15.711 20.444 -6.642
10108 840.79 509.62 43.31 18.458 76.505 -13.265
10158 795.13 492.78 55.63 25.050 74.948 -18.087
10207 786.71 470.20 117.65 30.482 80.838 -23.427
10254 793.30 468.24 154.51 31.123 104.062 -23.915
10303 788.54 519.88 211.03 32.801 113.858 -17.263
10352 781.58 574.32 264.13 32.404 124.784 1.414
10401 690.52 611.92 282.69 33.381 76.078 8.525
10448 688.44 581.52 327.61 31.855 45.133 4.496
10498 702.48 621.56 348.97 31.428 31.522 -5.452
10547 693.69 604.59 399.14 33.137 11.533 -14.699
10596 707.00 643.29 380.34 34.785 -11.691 -19.582
10645 729.21 621.93 449.07 32.618 -14.377 -26.387
10692 724.94 668.56 357.76 33.442 -21.029 -33.101
10741 769.62 678.45 406.95 35.853 -40.072 -32.491
10790 790.86 712.99 384.98 30.085 -21.670 -23.305
10840 743.74 703.23 345.92 19.007 -24.264 -22.023
10889 749.23 692.12 303.07 12.843 -31.649 -15.676
10938 737.76 683.70 278.54 9.669 -25.119 -11.281
10985 726.04 678.33 265.84 6.220 -15.872 -7.283
11034 709.19 704.69 244.48 4.725 -10.745 -5.208
11083 705.90 716.78 220.55 2.192 -12.301 -3.225
11132 701.87 722.27 202.12 1.429 -5.252 -0.478
11180 694.06 739.73 185.88 1.185 4.727 -1.088
11229 678.07 718.61 163.30 -0.585 2.652 0.132
11278 685.63 723.37 164.16 0.941 4.575 -1.119
11325 677.94 706.16 128.75 0.117 5.979 -2.675
11374 673.18 657.45 118.38 0.117 2.195 0.346
11423 710.17 637.19 95.19 11.469 26.792 1.536
11470 750.58 643.78 74.31 28.132 67.075 3.917
11520 740.08 640.85 38.67 42.231 70.768 10.539
11569 733.24 632.92 97.87 59.077 115.567 14.048
11616 648.16 690.90 119.72 70.704 123.899 9.013
11665 606.53 779.52 218.23 69.270 114.347 -12.838
11714 555.87 802.59 228.73 58.467 84.653 -18.361
11763 536.10 894.15 253.63 47.602 68.082 -11.006
11812 483.24 994.73 372.41 43.818 24.228 -13.021
11859 526.94 1183.09 740.33 20.106 -20.327 -5.330
11909 285.12 982.28 883.27 -82.708 -35.067 -12.624
11958 669.52 894.63 952.49 -133.855 -43.612 -4.567
12007 651.33 773.05 817.48 -137.426 1.401 -4.903
12056 642.54 746.56 637.30 -133.520 37.015 0.590
12103 589.08 698.83 434.54 -122.655 67.197 1.689
12152 487.39 590.19 363.74 -101.842 85.538 -12.410
12201 396.21 568.58 297.46 -59.057 89.078 -30.080
12251 340.18 569.80 339.08 -25.152 64.786 -49.855
12300 290.98 594.10 427.83 5.274 67.441 -61.116
12349 326.50 659.40 523.53 25.263 59.598 -64.473
12396 186.00 758.28 577.36 39.515 50.748 -52.449
12445 143.89 802.47 660.13 24.195 42.478 -41.371
12494 108.12 877.06 758.76 9.364 42.234 -28.737
12544 -93.30 831.52 692.11 -10.930 -27.072 -13.723
12593 10.10 727.64 719.33 -9.374 -17.489 -6.734
12640 -81.58 669.17 827.00 -5.132 4.209 -7.863
12689 65.52 705.42 777.31 -8.367 -10.928 3.093
12738 100.67 767.31 658.78 -8.367 -13.888 13.224
12787 49.89 748.52 685.64 -2.691 4.270 13.682
12834 47.94 702.01 691.99 -5.559 -2.414 12.126
12883 83.46 704.08 725.68 -2.172 -10.836 11.546
12933 116.30 687.60 742.89 1.490 -21.335 11.546
12980 185.15 696.27 766.57 2.467 -13.888 12.767
13029 86.15 660.75 807.59 3.382 -19.931 13.224
13078 144.25 651.35 765.11 -1.470 -41.781 13.804
13133 237.64 622.66 920.38 -17.888 -28.842 7.762
13182 234.34 520.73 767.67 -7.024 -27.041 12.828
13232 273.65 608.38 742.28 6.068 -16.421 16.246
13279 204.19 548.81 768.28 15.559 -8.761 10.417
13328 306.73 594.10 772.31 7.960 -23.623 13.285
13377 195.77 559.79 780.98 9.547 -15.628 2.025
13426 297.33 575.18 848.24 0.910 -13.430 -2.492
13473 207.12 656.84 760.10 3.626 -36.197 -9.359
13522 387.91 657.57 816.99 1.368 -29.452 -3.530
13572 309.78 506.45 737.40 14.643 -16.482 -2.523
13621 384.24 582.99 712.25 14.796 -21.884 -4.048
13670 362.15 602.76 761.20 15.162 -15.719 -3.347
13717 359.22 564.31 731.17 10.523 -24.905 -5.483
13766 421.23 629.25 703.71 9.883 -18.679 -2.370
13815 370.94 597.03 719.94 9.730 -10.775 -1.790
13864 384.61 639.87 632.17 9.333 -17.886 -3.041
13914 418.06 666.24 681.00 11.286 -5.618 0.926
13963 390.96 655.74 706.39 10.035 -8.731 1.963
14012 415.25 656.84 641.82 7.624 -5.740 5.259
14059 416.10 695.90 633.03 6.404 0.852 9.318
14108 420.50 680.64 606.78 4.939 -3.421 10.997
14157 444.55 690.04 611.05 7.227 4.850 11.424
14204 485.81 722.39 621.19 8.448 10.892 14.048
14254 454.80 761.46 566.99 8.448 -5.557 10.478
14303 498.50 771.10 494.48 3.077 -11.630 11.363
14352 479.21 730.08 558.93 -6.048 -61.252 17.558
14399 507.17 669.54 573.82 -4.247 -45.504 14.506
14448 520.84 648.78 612.40 -13.158 -79.135 14.903
14497 511.81 606.43 591.52 -18.529 -76.144 -0.020
14546 565.76 602.64 560.52 -26.250 -47.183 -10.244
14596 575.77 599.59 502.41 -24.541 -29.422 -16.408
14645 588.96 580.67 459.81 -21.459 9.336 -14.943
14692 579.07 553.69 446.75 -11.724 29.477 -12.014
14741 584.68 571.76 426.36 11.714 48.764 -6.337
14790 578.33 626.45 540.62 25.782 69.669 -10.030
14839 525.84 597.51 523.90 30.238 31.827 -9.114
14888 469.08 611.06 408.30 35.121 33.750 -14.302
14936 488.13 680.03 466.77 43.879 49.588 -14.730
14985 526.94 829.69 570.41 34.602 44.461 -8.321
15034 486.29 805.28 613.01 25.660 6.559 -3.133
15081 347.26 775.00 672.33 17.512 11.045 -8.748
15130 533.78 752.06 531.46 15.772 4.239 -1.973
15179 422.82 797.47 526.83 13.484 16.324 -5.330
15228 406.46 789.41 457.49 9.944 7.505 -4.872
15276 332.61 753.89 489.59 11.622 22.458 -2.950
15325 292.20 793.07 508.64 11.653 12.937 -2.828
15374 296.35 802.35 548.92 6.007 15.500 -1.973
15423 415.37 793.32 591.65 1.093 17.057 -1.393
15470 394.86 793.68 610.32 -6.627 18.644 0.193
15519 481.41 802.96 646.94 -7.757 12.967 7.518
15568 422.45 743.51 618.62 -9.130 6.803 9.227
15616 381.56 690.04 653.66 -14.684 6.162 7.640
15665 348.60 700.91 652.31 -21.612 1.615 2.269
15714 319.67 722.76 629.49 -28.203 -0.979 -2.462
15763 304.29 726.05 667.21 -29.119 5.674 -7.436
15810 284.51 729.11 662.81 -27.776 5.399 -12.197
15859 336.03 720.81 666.35 -25.823 9.000 -11.220
15908 332.49 707.01 658.17 -23.015 8.176 -9.542
15958 320.03 695.66 639.99 -21.947 9.610 -11.464
16007 332.61 715.56 658.42 -16.820 25.754 -12.838
16054 319.06 696.51 642.30 -15.691 17.057 -13.692
16103 303.19 709.82 688.69 -15.325 15.958 -21.657
16152 368.25 710.67 500.95 -7.635 -9.005 -21.810
16201 224.70 720.07 652.56 -12.792 11.441 -15.950
16250 239.83 715.80 661.23 -9.099 1.767 -7.680
16297 237.15 700.42 686.13 -4.278 25.266 -8.260
16347 169.03 705.55 734.22 -5.102 8.298 -5.727
16396 224.58 692.49 715.55 -6.719 13.974 -4.140
16445 109.10 676.98 697.48 -10.351 23.526 -10.244
16494 208.22 714.58 718.72 -12.151 17.636 -6.490
16543 164.15 716.66 734.59 -11.541 18.827 -2.278
16592 208.83 749.86 739.23 -7.299 2.103 5.351
16642 146.82 706.65 732.88 -2.935 8.634 3.215
16689 159.39 673.93 757.17 -4.064 7.566 6.877
16738 140.35 716.90 708.83 -4.644 1.615 7.243
16787 216.88 888.53 670.63 -23.229 1.645 12.858
16836 -31.04 834.33 689.06 -35.222 9.854 26.347
16883 144.25 873.15 299.65 -39.983 -41.537 45.329
16932 72.11 922.83 355.44 -53.502 -72.818 38.768
16982 425.38 594.46 474.34 -30.309 -129.428 33.122
17031 230.56 522.81 500.34 29.383 -201.175 -32.979
17080 421.35 455.30 444.43 55.140 -268.313 -85.347
17127 742.64 575.91 340.30 53.126 -172.946 -97.676
17176 883.14 657.21 300.87 41.743 -140.475 -106.710
17225 782.44 634.62 335.18 30.726 -151.370 -110.219
17274 772.18 683.57 183.08 28.376 -127.688 -106.862
17324 667.20 751.93 132.29 32.923 -82.736 -103.444
17373 624.72 862.04 67.96 34.266 -64.944 -92.977
17422 543.30 934.67 8.64 28.376 -61.465 -85.042
17471 530.97 896.22 -47.51 19.251 -51.944 -59.896
17518 332.61 922.71 -53.74 27.735 -27.987 -51.656
17567 315.03 964.34 -93.78 30.390 -38.455 -52.785
17616 164.52 1064.31 -185.21 24.134 -57.101 -52.144
17666 162.20 1056.25 -191.31 9.944 -98.849 -44.637
17715 141.57 1031.47 -116.00 3.565 -123.538 -41.982
17764 98.84 1011.94 -125.52 -3.850 -149.722 -37.892
17813 26.46 1013.90 -58.01 -4.430 -116.763 -36.794
17860 23.77 1044.78 -129.30 -7.757 -137.820 -17.202
17909 -37.27 1086.53 -187.53 -12.456 -145.511 -9.542
17958 -159.70 981.18 -95.37 -11.541 -174.594 -1.241
18010 12.54 959.58 -41.66 -16.820 -185.458 14.415
18059 49.28 920.15 74.07 1.032 -178.012 31.016
18108 -33.36 1042.83 120.82 -5.376 -167.086 34.983
18157 168.30 1044.29 10.22 -24.602 -116.336 48.411
18206 61.86 1073.83 -14.07 -25.121 -98.849 26.439
18255 222.62 1163.68 -1.25 -22.710 -49.685 19.175
18302 40.49 1242.41 98.60 -15.783 -42.727 8.921
18352 1.06 1302.71 67.11 -10.015 -13.034 3.184
18401 137.42 1073.22 -88.16 5.335 29.721 4.008
18450 69.91 1125.71 210.79 8.509 13.608 2.269
18497 -47.15 1304.67 -99.76 8.967 54.013 -5.513
18546 -15.66 1220.20 -27.98 23.127 15.195 0.956
18595 101.28 1165.87 -27.98 26.240 -7.205 4.466
18642 147.79 1163.80 -63.63 36.524 1.126 12.248
18692 134.00 1124.49 -131.25 43.757 -14.926 10.264
18741 92.62 1106.79 -145.66 41.651 11.472 11.393
18790 210.05 1019.15 -232.82 40.797 8.664 14.018
18839 184.90 982.16 -217.07 46.259 19.437 14.537
18886 190.64 920.39 -267.97 44.123 28.684 16.887
18935 154.14 897.93 -312.77 43.360 31.888 22.532
18984 225.80 869.24 -261.87 40.461 20.871 27.293
19034 188.08 854.47 -351.35 42.597 33.902 30.558
19083 252.16 795.51 -267.12 42.353 37.076 31.108
19130 230.68 835.55 -384.18 36.799 30.332 41.423
19179 259.37 807.48 -388.09 36.799 24.198 37.181
19228 296.23 747.05 -431.06 28.132 38.877 41.697
19277 365.08 755.35 -441.56 24.958 -3.512 46.580
19326 300.14 711.04 -444.24 28.803 2.713 47.557
19374 481.17 657.08 -308.26 27.949 -19.473 45.146
19423 462.25 721.17 -400.42 25.355 -13.369 44.200
19474 485.68 693.83 -415.43 30.329 -5.710 38.432
19521 487.15 655.38 -417.39 30.451 12.937 27.446
19570 568.94 648.91 -438.87 24.500 2.835 24.882
19619 498.01 616.68 -474.27 23.249 8.481 17.466
19668 532.56 606.79 -441.31 22.883 12.571 12.919
19718 508.02 570.66 -465.97 19.557 11.716 6.572
19765 540.49 582.62 -522.61 16.749 7.962 6.602
19814 533.66 580.55 -534.33 19.862 -3.360 6.968
19863 576.02 640.48 -544.71 18.763 -14.071 5.687
19912 661.83 640.73 -615.02 9.394 -23.074 1.597
19959 636.56 517.68 -666.17 8.570 -25.058 5.900
20008 556.48 527.45 -615.39 17.573 -15.475 7.243
20058 566.25 570.66 -572.05 17.207 -10.470 2.269
20107 590.05 571.51 -646.03 9.303 -35.128 3.367
20154 509.85 516.83 -633.70 11.469 -16.665 3.856
20203 489.10 533.43 -623.08 8.235 -11.050 -0.692
20252 432.71 640.36 -523.71 -6.383 -27.408 -4.598
20301 383.02 704.81 -531.04 -12.884 1.676 -4.659
20350 623.13 555.64 -602.57 -6.689 -21.426 2.971
20398 587.86 484.11 -663.12 -2.202 -16.330 11.302
20447 507.17 505.84 -741.12 -2.355 -8.670 15.696
20496 454.43 538.43 -718.54 -2.325 -1.132 20.091
20545 427.33 540.87 -646.03 -13.097 5.826 18.138
20594 491.05 571.51 -649.44 -18.957 11.899 12.339
20643 736.54 564.31 -752.35 -14.409 50.626 4.527
20690 755.34 577.13 -776.40 -14.135 94.449 8.830
20740 658.78 653.42 -756.74 -0.127 132.840 3.520
20789 529.02 736.80 -623.20 14.338 140.744 -6.490
20838 566.13 694.44 -465.48 25.019 158.017 -4.415
20887 572.48 662.58 -343.05 31.245 120.542 1.628
20934 618.13 642.19 -267.24 27.430 61.521 -3.896
20983 759.24 621.93 -282.01 33.015 43.332 -5.757
21032 758.75 606.30 -260.77 24.806 70.981 -24.038
21082 757.17 591.04 -119.29 -2.019 92.435 -23.519
21131 790.00 613.26 46.36 -10.015 80.686 -32.338
21178 848.60 599.47 160.62 -24.145 49.375 -24.465
21227 869.11 551.86 213.59 -32.018 35.489 -5.727
21276 913.66 551.49 223.60 -49.352 18.277 -4.140
21325 910.85 546.61 235.20 -70.928 26.853 -4.720
21374 897.79 512.55 285.74 -79.412 40.464 10.569
21422 865.57 503.40 337.37 -91.070 60.788 12.889
21473 839.08 489.97 434.66 -94.060 96.738 14.506
21522 833.46 524.15 587.98 -91.039 117.154 2.116
21569 748.38 492.29 585.54 -93.603 157.590 -1.943
21618 502.90 381.82 619.97 -98.119 137.387 -7.894
21667 486.90 332.26 717.38 -92.534 89.383 -3.408
21716 482.63 222.03 794.89 -75.200 88.987 -14.333
21766 375.58 166.24 797.46 -67.174 57.492 -4.476
21813 411.71 59.43 854.46 -51.061 50.229 -0.173
21862 457.00 35.63 924.53 -34.582 52.793 2.726
21911 416.71 -0.02 943.94 -19.781 66.465 1.109
21960 410.61 39.04 1017.55 -16.241 44.004 3.978
22007 254.97 80.79 927.83 -47.246 41.379 17.009
22056 234.10 -108.05 919.16 -28.844 30.057 15.727
22106 195.16 -132.22 990.94 -9.527 42.020 17.009
22155 165.86 -97.55 1010.22 -5.742 34.513 14.842
22202 138.88 -37.37 1053.07 1.612 43.729 27.263
22251 122.52 -7.22 1036.71 11.653 48.612 29.063
22300 -16.03 -23.95 976.04 15.223 45.072 22.166
22349 -6.38 4.25 1003.88 20.625 46.476 33.915
22396 -77.79 0.47 983.98 23.585 56.302 35.655
22446 -190.10 19.39 1013.52 25.172 35.550 13.560
22495 -81.70 59.18 1037.20 25.691 34.085 19.725
22544 -191.68 76.64 1049.41 22.547 30.088 -7.497
22591 -158.97 111.43 1085.91 20.960 7.993 -15.737
22640 -122.23 136.58 1021.70 25.019 -14.773 -41.768
22689 -44.10 152.57 1014.01 9.059 -14.926 -31.911
22738 -53.99 171.86 983.86 -2.050 -4.092 -16.317
22788 -76.57 183.09 908.66 -1.897 2.500 -6.215
22835 -129.92 177.84 909.39 5.000 10.068 -5.757
22884 -88.17 152.93 986.67 9.577 -1.559 -5.086
22933 -100.01 162.94 967.13 21.357 10.038 -4.872
22982 -80.84 216.41 982.27 1.826 7.871 30.406
23029 -138.22 102.40 934.42 -10.137 3.781 41.789