2119 345.06 902.45 339.57 3.748 -2.078 -4.720
2164 350.55 908.31 316.50 2.925 2.072 -3.072
2215 343.47 895.24 307.95 2.894 -0.399 0.712
2263 348.96 873.39 306.49 4.206 -1.895 3.856
2312 351.77 846.29 295.63 6.495 0.363 7.457
2361 390.10 907.45 331.03 15.009 3.965 6.236
2408 408.54 946.15 352.02 10.096 -6.472 7.335
2457 455.04 899.76 393.04 9.669 -12.271 12.248
2506 455.90 882.06 370.94 4.298 -1.376 18.351
2555 458.58 821.88 412.32 -0.860 2.286 25.554
2603 508.27 825.79 441.25 1.246 13.089 29.277
2652 508.88 789.29 417.57 -13.067 14.127 34.678
2701 524.99 729.23 452.36 -13.677 9.458 34.373
2750 552.94 721.42 437.35 -18.102 -2.597 37.120
2797 556.85 658.55 408.78 -17.705 -15.597 31.810
2846 564.30 693.95 401.22 0.178 -9.189 5.381
2895 515.83 852.64 316.25 10.523 0.180 -30.049
2945 424.40 916.36 248.26 16.139 -23.654 -51.900
2994 356.17 947.37 163.06 29.688 -56.186 -67.006
3041 308.68 927.10 127.66 43.147 -64.731 -76.436
3090 172.82 998.64 84.57 32.557 -57.956 -79.854
3139 138.03 1211.89 135.59 32.679 -82.980 -76.894
3188 743.01 1405.13 69.79 31.855 -143.222 -60.048
3237 1165.74 1130.72 475.80 22.547 -75.686 -38.564
3287 1295.13 532.21 518.65 -7.970 -89.480 52.684
3336 1322.72 90.31 259.25 5.091 138.608 91.411
3383 810.51 11.58 411.84 -4.491 38.816 197.398
3432 1301.11 720.32 310.76 2.894 68.387 276.103
3481 1957.12 2139.26 309.91 -37.054 33.506 312.663
3530 979.82 1818.95 113.37 -102.025 60.331 280.101
3579 353.85 1252.06 -52.40 -83.745 71.347 140.910
3629 -79.01 698.96 -130.64 -36.657 41.898 4.771
3678 -728.79 621.44 -273.34 -45.415 -11.874 -82.906
3727 -765.90 563.33 -351.10 -75.323 -84.658 -145.375
3776 95.67 1047.22 415.38 -52.282 -114.993 -268.514
3825 1779.63 2467.88 172.33 -61.376 -150.576 -359.731
3874 2894.25 1885.72 146.46 -20.299 -94.333 -138.906
3923 1689.05 182.84 13.15 -10.076 -56.155 -86.904
3973 1272.79 -492.21 -43.97 13.484 -25.393 -32.338
4022 484.46 -1116.23 72.24 31.519 38.938 70.933
4071 694.55 -762.47 36.84 61.671 -9.707 127.421
4118 2486.90 210.92 91.16 96.186 65.519 208.110
4167 4035.00 2321.03 -665.19 41.590 -52.981 357.676
4216 1842.13 2111.31 -325.59 40.522 153.531 354.472
4265 -475.50 1727.64 -604.28 22.303 218.106 222.331
4315 -1494.54 1088.24 -584.62 11.042 102.597 95.897
4364 -1738.32 833.23 -474.15 20.045 -53.256 -101.277
4413 -771.76 1076.64 -264.56 15.223 -151.370 -298.726
4462 465.30 2170.88 -449.61 63.044 -240.146 -405.904
4511 4035.00 3180.89 -748.93 -322.027 -355.197 -327.993
4560 1913.30 1021.83 -280.55 15.894 44.583 -22.206
4610 1594.33 -546.41 -364.90 -21.612 -39.554 -5.727
4659 686.37 -1335.47 158.91 0.910 61.154 58.360
4708 231.66 -1045.19 -33.72 53.126 149.747 121.867
4757 1028.04 -369.04 3.51 80.744 78.885 166.545
4806 4035.00 1133.16 -232.33 99.207 -77.365 195.903
4855 3178.19 1880.11 -388.09 70.307 137.082 332.469
4904 368.86 1823.47 -712.92 56.056 244.718 239.451
4954 -1491.00 1226.30 -723.78 -29.729 161.374 176.463
5003 -1658.85 855.08 -430.57 -35.009 -14.956 -12.715
5052 -976.11 1135.72 -235.01 13.209 -89.633 -225.972
5101 20.72 1965.92 -224.15 38.600 -119.204 -441.548
5148 4035.00 4020.00 -732.70 -126.287 -410.037 -608.754
5199 2548.79 2085.43 -251.01 -40.136 71.714 -154.348
5249 2593.96 -193.13 -133.57 -52.862 -148.379 -49.031
5298 1316.01 -1308.86 101.29 -41.387 43.821 74.321
5347 614.10 -1308.13 -342.44 29.200 81.662 151.652
5396 959.44 -466.45 103.73 53.095 106.778 218.547
5443 3131.07 378.15 -178.98 110.957 -21.182 317.668
5492 3489.83 1985.09 -179.59 95.362 57.798 367.167
5541 1000.70 2018.78 -474.52 76.136 155.912 255.259
5591 -522.37 1066.02 -452.91 19.221 69.821 126.994
5640 -1226.35 718.61 -77.18 0.392 64.267 -3.926
5689 -1386.51 910.50 -194.49 14.765 -46.054 -161.824
5738 -895.66 1432.60 210.54 -30.034 -67.019 -363.820
5787 1804.29 3322.25 -1015.41 -100.286 -108.645 -396.779
5836 4035.00 1741.92 413.54 44.337 121.976 -241.628
5885 2555.87 319.68 14.50 -10.320 23.130 -96.822
5935 1199.43 -714.01 532.08 -78.924 21.695 21.067
5984 87.12 -1183.98 195.04 -25.457 68.143 90.434
6033 460.29 -1172.26 152.44 -5.437 -42.880 107.737
6082 1324.79 -544.33 136.20 61.091 -23.349 201.121
6131 4035.00 308.45 -302.40 130.671 -115.847 224.070
6180 3298.31 1900.00 -266.02 30.421 16.568 369.883
6230 523.16 1936.87 -394.32 13.331 243.985 274.089
6277 -805.33 1017.44 -556.67 -15.294 88.407 135.905
6326 -1253.21 858.26 -308.26 22.303 37.870 -17.751
6375 -1233.19 1054.30 -256.74 40.553 -59.115 -201.924
6424 -899.81 1322.86 242.16 15.284 -69.339 -366.750
6473 791.59 2950.30 -494.78 10.035 -209.048 -470.021
6522 4035.00 3065.53 -362.94 -24.389 -175.204 -440.206
6572 2890.35 1151.59 -16.14 -72.545 89.841 -151.479
6621 1911.22 -218.16 248.75 -44.042 14.188 27.873
6670 800.87 -1937.64 -99.88 -41.051 41.989 117.625
6719 864.83 -1030.05 -68.02 33.503 34.970 154.490
6768 2051.36 14.51 11.32 81.782 30.393 267.100
6817 4035.00 2001.93 -333.04 47.114 -133.548 466.929
6866 2265.71 2473.12 -268.34 17.054 154.050 391.307
6918 -308.75 1363.38 -202.54 -14.257 122.647 224.009
6967 -575.84 795.88 -181.91 29.078 19.132 59.031
7016 -1196.81 833.84 -241.12 69.331 -7.235 -77.596
7065 -1156.41 1163.80 -439.12 36.097 -74.893 -227.895
7114 -496.62 1308.70 134.13 10.951 -117.892 -361.013
7163 2085.90 2948.83 -714.38 35.761 -210.360 -497.792
7213 4035.00 3265.48 -155.30 -61.925 -162.845 -317.708
7262 2501.80 1191.75 -164.82 -15.478 51.969 -128.865
7311 1297.21 -27.00 -7.60 -92.016 -14.621 -0.569
7360 927.70 -1300.92 204.80 -49.932 -6.472 52.897
7409 902.55 -979.15 -57.89 10.890 24.869 81.828
7456 1578.82 -197.41 50.26 76.106 85.874 200.572
7505 4035.00 1521.95 303.80 71.498 -107.303 385.875
7555 3674.16 2983.50 -626.25 -13.524 215.512 457.377
7604 126.43 2202.01 -83.28 -78.649 158.719 379.100
7653 -340.00 1322.37 -399.44 -58.782 100.278 174.327
7702 -1482.58 649.03 -223.91 16.383 40.280 4.649
7751 -1214.15 881.82 -354.28 34.876 31.369 -149.038
7800 -1002.84 1073.83 -266.26 30.970 -70.681 -331.960
7849 319.30 1871.56 -21.27 26.728 -181.796 -466.848
7899 3361.29 3955.42 -540.68 -116.216 -367.617 -612.477
7948 2488.25 2139.87 -94.76 60.877 -73.092 -211.538
7997 1962.73 811.26 -463.04 57.490 -88.199 -36.702
8046 859.46 -158.83 -23.34 27.400 -69.491 25.340
8095 475.06 -574.85 19.87 30.787 21.878 82.744
8144 247.28 -635.88 229.10 11.836 92.252 34.648
8192 280.85 -368.92 153.17 0.697 163.846 38.585
8241 1449.79 1275.98 95.19 -31.652 88.071 -13.448
8290 2160.49 3390.36 -666.90 -95.891 31.613 87.230
8339 1042.69 2149.52 21.58 -54.021 7.413 160.533
8388 357.39 1165.51 -77.18 12.843 -4.916 177.134
8437 300.75 649.39 -4.55 21.754 5.765 139.018
8484 -30.31 486.19 94.33 14.582 55.539 114.451
8534 -283.60 315.65 66.50 -31.682 43.302 92.906
8583 -182.90 331.04 136.20 -43.462 11.045 27.751
8632 -135.53 493.39 -49.10 -51.610 -23.013 -151.540
8681 842.74 1891.70 37.81 -58.019 -147.403 -350.850
8730 613.49 1804.30 269.99 -63.482 -28.811 -404.897
8787 514.74 1784.04 272.07 30.329 115.506 -358.602
8837 600.06 1253.15 128.63 24.012 103.391 -243.642
8886 436.25 809.55 137.67 18.458 109.708 -135.915
8935 311.49 899.39 245.58 46.870 76.688 -73.262
8984 366.91 1108.75 277.44 6.068 -34.762 -38.320
9033 473.35 1450.66 77.97 -0.280 -122.805 -10.030
9082 631.44 1050.03 100.43 -91.619 -164.706 71.666
9132 353.85 587.75 206.03 -17.339 -115.970 129.100
9179 287.20 994.73 105.56 18.824 -64.486 174.540
9228 283.05 1459.09 85.66 10.035 -41.232 161.540
9277 317.10 1425.27 235.08 -32.934 -47.274 131.419
9326 228.97 1177.59 197.48 -39.342 -33.664 102.671
9375 205.17 1035.63 280.61 -23.412 28.867 98.033
9424 104.34 1029.03 307.95 -14.287 68.296 88.420
9474 -8.58 841.66 227.39 -32.751 40.311 58.268
9523 28.65 680.52 160.00 -43.218 -30.825 8.677
9570 144.38 703.72 168.18 -38.793 -67.569 -49.581
9619 282.07 869.98 161.35 -32.201 -64.669 -109.914
9668 437.47 1030.13 161.35 -30.157 -70.926 -151.967
9717 457.73 1417.46 32.93 -19.964 -85.360 -179.677
9766 571.01 1273.05 117.40 -40.227 -93.142 -158.223
9816 460.90 937.24 144.50 -37.694 -114.352 -105.458
9865 311.73 867.78 40.99 -25.457 -96.774 -56.996
9914 302.33 1192.85 37.45 -28.081 -125.522 -36.946
9963 415.98 940.65 87.74 -55.059 -175.876 -22.817
10012 328.09 733.26 65.77 -49.016 -162.814 -4.354
10061 288.66 834.94 109.10 -29.027 -123.996 5.229
10108 295.13 893.41 151.58 -21.795 -119.510 -1.302
10158 306.85 817.00 243.50 -5.498 -104.800 -4.476
10207 417.69 908.79 338.23 14.674 -56.308 -1.638
10256 400.48 1010.48 357.64 15.528 6.894 19.603
10305 501.67 1376.32 508.52 6.922 -1.773 36.357
10354 606.78 1181.13 411.35 -35.253 3.385 76.304
10403 644.01 1104.23 479.95 -55.669 24.411 90.159
10450 585.54 931.87 492.28 -73.705 55.570 97.178
10500 528.16 829.69 478.73 -80.236 69.333 96.568
10549 578.33 766.95 515.60 -89.940 99.515 78.105
10598 580.04 692.85 502.29 -100.927 137.265 46.519
10647 505.09 705.67 619.60 -98.211 170.194 6.144
10696 370.21 603.98 652.44 -122.747 129.789 -5.513
10745 194.30 532.33 656.59 -118.658 111.478 -16.652
10795 185.51 339.82 703.58 -117.010 81.174 -8.962
10844 81.39 231.43 778.90 -96.837 64.542 -6.276
10891 53.55 97.03 792.08 -79.198 39.823 -4.445
10940 44.03 59.79 850.31 -46.026 51.786 -8.687
10989 -60.09 3.76 921.48 -40.990 33.048 -9.633
11038 -52.16 12.68 993.62 -13.280 18.674 -19.063
11087 2.16 59.18 990.45 -12.273 13.150 -22.023
11134 -66.32 14.87 1013.64 -10.930 25.296 -23.915
11184 -169.71 7.30 1146.46 -22.039 6.955 -70.821
11233 99.09 106.79 1096.77 5.366 0.302 -32.979
11282 89.08 156.35 977.88 9.303 35.642 -44.240
11331 41.47 209.21 1071.02 20.991 7.596 -45.858
11378 14.98 110.09 972.38 -9.435 1.096 -42.348
11427 13.15 -19.31 983.49 4.115 -1.498 -30.263
11476 11.93 110.21 991.91 -7.787 -7.449 -13.082
11526 3.99 64.56 996.80 -11.907 -4.092 -7.070
11575 6.44 1.20 972.63 -22.924 5.124 2.025
11622 30.12 -19.92 1070.65 -31.835 13.150 6.938
11671 -10.04 -5.39 1070.53 -24.297 8.176 2.482
11720 87.12 -89.50 1004.24 -39.312 2.469 16.124
11769 84.56 -53.85 1068.33 -45.690 -3.756 32.725
11816 27.19 -129.41 1006.44 -6.048 -11.264 8.433
11868 86.03 -99.38 955.66 10.462 0.394 12.370
11917 36.71 -96.46 987.64 8.021 -2.017 10.844
11964 43.54 -100.48 990.57 -1.684 -5.038 19.206
12013 66.01 -99.63 1056.25 -1.012 -1.864 11.515
12062 0.45 -102.44 1002.53 0.422 -8.700 7.029
12111 22.43 -127.95 986.18 1.704 -11.172 5.351
12161 12.78 -122.09 1034.15 0.758 -3.238 6.755
12208 -14.32 -109.27 1011.45 4.267 -8.426 4.527
12257 24.38 -102.92 1042.82 3.748 -0.979 5.351
12306 -20.66 -105.98 1040.86 1.368 -2.749 1.719
12355 -2.60 -108.42 1031.34 -1.501 -9.646 4.039
12404 -6.87 -112.81 1032.20 -1.256 -1.132 3.886
12451 -37.02 -112.20 996.19 2.131 -4.641 2.940
12500 -10.90 -109.64 1007.17 -3.057 -4.306 3.795
12550 1.67 -114.03 1008.64 6.220 1.248 -0.569
12599 -27.01 -109.03 1013.52 -0.463 -2.780 6.236
12648 72.60 -94.99 999.97 24.470 13.547 10.020
