2119 272.18 920.15 248.51 4.817 3.995 -0.142
2164 270.60 947.25 275.24 6.098 3.507 -0.692
2213 278.77 949.08 273.41 3.260 1.065 -1.882
2263 274.50 937.85 275.85 1.887 -1.834 -0.905
2312 283.05 934.67 266.21 1.399 -2.719 -1.760
2361 280.36 917.95 252.66 2.436 -5.801 -3.041
2408 319.79 921.12 298.55 6.892 0.730 -5.056
2457 290.62 924.91 236.18 11.164 4.270 -0.234
2506 331.63 900.74 303.32 7.624 16.690 4.100
2553 271.94 905.01 262.54 9.089 24.442 6.266
2603 340.91 944.07 321.63 9.883 20.871 8.921
2652 347.62 898.17 286.71 4.664 17.087 16.887
2699 359.10 925.03 358.00 -3.850 4.361 26.164
2748 422.45 943.10 383.64 -6.719 -6.595 28.514
2797 437.83 923.69 422.94 -9.832 -11.844 24.669
2846 450.28 865.95 391.82 -12.853 -24.203 24.638
2895 468.35 897.20 406.95 -10.015 -17.062 27.263
2942 452.97 951.64 394.14 -15.996 -3.756 25.859
2992 410.37 1045.63 346.65 -12.731 -13.339 14.750
3041 397.55 1025.98 218.84 -19.079 -31.588 -2.187
3090 412.32 1138.41 229.10 0.208 -35.098 -31.758
3139 265.47 919.17 28.90 -33.056 -18.802 -57.637
3188 -65.34 527.20 -9.92 -33.422 -63.846 -47.933
3235 365.32 1314.19 245.45 16.169 -126.590 -40.578
3284 777.92 1488.38 394.87 -34.551 -138.522 -38.442
3334 1315.76 1485.09 697.85 -0.036 -87.924 -8.046
3383 1111.42 907.21 478.24 15.681 42.997 -18.178
3432 860.32 346.29 489.72 9.730 15.653 22.227
3481 604.09 -24.31 321.14 3.748 93.747 96.873
3528 402.07 261.70 307.95 -24.877 33.170 166.056
3577 959.32 1082.13 298.55 -17.248 46.262 169.719
3629 705.17 1562.48 159.64 -38.763 98.569 99.772
3678 589.08 1580.06 -159.33 -26.952 11.441 35.594
3725 64.42 995.10 -292.14 7.350 0.852 -48.757
3774 -133.21 640.73 -181.67 33.045 8.206 -92.427
3823 -268.34 430.16 -187.53 13.453 -7.052 -97.341
3872 63.69 707.38 72.72 36.402 -100.131 -100.576
3921 1077.60 1622.05 422.09 38.935 -159.945 -99.477
3971 1872.16 1686.63 698.21 22.364 -50.784 -54.097
4020 1378.99 980.08 665.86 -14.165 53.128 3.642
4067 695.16 176.74 403.54 -43.706 43.393 53.019
4116 447.48 -393.21 185.40 -31.438 8.939 87.108
4165 326.14 -102.31 227.63 -26.891 27.310 139.628
4214 945.77 778.67 449.92 -7.879 -31.375 176.951
4263 1380.46 1876.69 417.21 -18.316 69.364 85.307
4313 829.80 1597.39 138.15 -8.733 36.924 45.543
4360 344.81 1159.16 -147.25 14.765 30.393 -38.655
4409 -217.44 663.55 -305.57 19.007 34.391 -110.646
4458 -404.45 324.69 -264.31 24.653 -57.376 -121.267
4507 -57.16 477.89 88.23 26.698 -77.945 -131.459
4556 755.34 1518.66 168.43 35.822 -167.056 -136.617
4605 1931.36 1828.11 427.71 -15.722 -135.623 -85.317
4655 1686.37 1161.60 492.65 -2.721 -1.254 -19.490
4704 934.41 258.40 361.30 -13.708 45.499 33.946
4753 561.98 -269.79 136.69 -29.149 38.388 71.696
4800 187.22 -356.83 90.79 -18.468 84.867 113.170
4849 766.32 646.71 406.34 18.702 -84.048 146.373
4898 2102.26 2708.23 346.65 -13.463 56.089 89.732
4947 659.15 1856.55 -3.94 -23.107 84.348 92.753
4997 -14.68 1026.35 -250.15 -23.260 56.821 10.173
5046 -589.51 446.39 -268.34 -14.043 -19.259 -67.800
5095 -549.72 326.52 -459.75 -11.236 -37.234 -85.958
5142 -10.17 655.62 276.83 4.298 -80.661 -135.854
5191 967.62 1871.56 167.21 16.200 -193.850 -165.578
5240 1945.03 2000.47 432.71 -6.048 -144.565 -95.357
5289 1465.66 1017.31 471.89 -12.823 -73.123 -31.636
5339 778.65 11.70 333.59 -28.112 -16.208 21.373
5388 651.58 -556.29 111.67 -9.374 44.889 59.855
5437 297.57 -98.90 214.94 -9.588 28.897 104.777
5486 1171.96 925.88 468.48 11.195 -79.043 144.816
5533 1560.27 2503.64 135.47 -48.253 55.844 104.167
5582 674.40 1848.86 29.02 -69.036 32.132 80.455
5632 182.83 1027.81 -112.46 -60.064 11.258 8.830
5681 -275.67 425.27 -213.16 -41.814 -19.687 -46.346
5730 -442.42 306.01 -385.28 -44.195 -9.341 -67.372
5779 -317.17 456.77 -152.62 -38.244 -76.968 -93.984
5828 875.58 1885.60 79.32 -8.581 -219.851 -148.519
5877 2227.75 2007.67 279.02 -67.052 -148.623 -100.270
5926 1585.54 1126.69 435.52 -19.353 -59.695 -55.989
5976 983.49 26.84 339.81 -19.567 -40.683 -7.894
6025 565.88 -627.09 123.02 -25.579 55.448 41.331
6072 274.26 -527.00 134.37 -34.032 22.519 85.215
6121 542.45 -90.35 332.73 -17.370 -113.040 117.167
6170 2858.49 1720.07 667.33 11.683 -22.036 169.383
6219 1274.99 1809.79 177.71 -102.453 32.834 164.805
6268 474.58 1278.18 106.78 -58.446 34.574 93.760
6318 -164.71 804.30 -233.79 -32.201 89.566 -26.204
6367 -633.82 656.84 -363.31 -10.564 -11.447 -115.621
6416 -350.62 412.09 -261.87 -40.868 -85.177 -130.239
6465 1138.64 1216.90 333.96 0.910 -201.297 -147.725
6514 1974.45 1407.21 194.31 -59.850 -103.366 -159.871
6563 1725.19 995.22 532.69 -28.753 -40.042 -74.300
6612 1095.67 379.13 290.86 -9.832 -50.021 -6.826
6662 605.43 -342.67 133.76 -36.169 -8.426 24.302
6711 362.76 -445.33 -5.77 -43.157 2.286 79.417
6760 436.73 -113.54 221.53 -42.913 -28.537 110.331
6823 1794.77 956.52 222.50 23.554 -31.924 122.264
6871 1794.40 1978.98 280.24 14.124 56.211 97.667
6920 923.79 1383.53 101.29 21.845 119.260 35.807
6969 295.62 701.52 -135.41 -2.050 66.556 -25.502
7018 -269.44 367.90 -125.88 -0.249 50.687 -73.354
7090 -294.10 389.63 9.00 -0.097 -8.761 -89.650
7249 1567.47 1354.59 467.13 24.256 23.557 -58.339
7401 83.58 -366.47 82.49 -9.649 70.798 44.291
7450 290.49 -110.13 137.54 9.059 -36.868 96.476
7499 1409.63 665.26 392.92 58.619 -69.888 129.069
7548 1606.78 1812.24 234.96 21.266 73.941 112.162
7596 1205.04 1630.60 136.45 5.152 88.620 83.232
7645 773.53 1259.38 16.21 -15.417 40.616 25.615
7694 161.71 648.30 -35.80 -9.283 59.201 -12.349
7743 -247.71 306.62 -70.95 -11.907 29.294 -20.131
7792 -275.30 171.61 -83.16 -14.318 -48.770 -31.331
7839 60.51 386.70 138.52 0.239 -66.653 -64.229
7888 537.32 1011.70 91.16 15.894 -66.134 -133.687
7938 664.76 1163.55 329.19 22.608 -16.543 -187.154
7987 672.21 1479.23 335.18 44.917 61.063 -180.898
8036 485.93 1182.96 230.56 51.112 102.597 -147.145
8085 351.89 998.64 340.30 34.907 42.020 -100.026
8132 307.95 640.61 321.63 16.688 12.509 -48.665
8181 313.93 627.30 280.00 21.052 4.331 -21.474
8230 311.00 650.62 221.28 11.164 -8.700 -8.596
8280 322.35 1203.35 204.68 36.189 -10.714 -13.570
8327 466.03 1078.23 154.15 -35.253 -18.161 -5.696
8376 357.27 854.11 200.04 0.453 45.194 41.514
8425 253.26 1061.99 140.96 -12.548 60.056 71.208
8474 265.83 1071.64 49.41 -6.872 42.508 75.847
8521 279.02 1109.97 12.18 -28.203 24.900 61.412
8570 255.46 1027.32 96.04 -11.144 34.574 51.951
8620 258.39 897.81 41.96 -13.830 29.142 49.662
8669 272.06 911.11 94.70 0.483 59.476 46.550
8716 318.69 1020.98 123.14 8.265 75.650 30.833
8765 306.73 1088.73 323.46 3.504 84.775 -0.478
8814 210.17 880.72 333.22 -6.872 72.690 -3.774
8861 100.06 900.86 347.87 1.551 75.284 1.933
8910 201.87 950.42 334.81 7.807 4.422 -1.210
8960 371.55 995.34 352.02 1.978 33.597 -10.457
9007 226.53 847.88 326.02 -4.064 5.674 -3.896
9056 286.71 884.01 414.77 -0.890 -19.229 -1.577
9105 321.01 915.02 394.62 -7.635 9.488 -4.842
9152 295.38 871.07 327.00 -3.789 1.462 0.651
9201 279.75 899.88 373.99 -0.158 6.406 -2.584
9250 286.46 871.32 365.69 -0.158 4.361 -1.424
9297 280.36 905.13 378.02 -0.127 1.737 -0.692
9349 278.16 872.54 364.23 2.253 -4.458 -0.142
9398 306.48 905.13 374.85 1.795 -8.090 -0.173
9447 320.16 903.79 365.45 0.453 -3.024 -2.889
9494 285.73 919.54 349.58 -0.188 -0.491 -2.095
9543 288.30 899.52 354.83 -5.376 -0.003 -2.523
9592 305.26 895.61 363.86 -0.463 -5.893 -1.119
9639 305.75 910.63 360.44 -1.653 -1.742 -1.393
9689 296.23 900.25 362.03 -2.080 -1.529 -1.485
9738 298.79 901.59 356.54 -1.226 0.608 -1.912
9785 293.79 904.28 352.14 -0.768 -1.101 -1.393
9834 308.32 886.70 369.48 -2.630 -1.956 -2.034
9883 328.46 854.23 361.42 13.209 9.183 -4.506
9932 236.05 956.65 314.55 10.493 12.754 -20.772
9979 287.32 887.07 324.19 -9.191 -1.071 -11.800
10029 266.45 976.42 320.77 1.246 11.075 -13.265
10078 250.58 1002.30 319.18 -7.421 -5.343 -15.401