2123 255.46 959.94 236.30 0.514 2.042 -0.631
2166 251.31 946.27 226.04 0.788 3.019 -0.264
2217 249.36 940.53 228.73 1.093 1.950 0.621
2265 248.50 946.03 230.20 1.856 3.415 0.316
2314 243.74 932.48 231.05 1.490 2.622 0.193
2363 247.65 944.80 228.00 1.734 1.248 -0.203
2412 247.04 942.49 220.19 1.582 0.699 -0.020
2461 254.48 967.63 210.30 4.817 0.150 0.560
2508 248.38 932.72 206.64 4.817 2.500 -0.234
2557 256.68 891.83 216.40 13.148 5.551 2.238
2607 237.27 971.90 238.01 12.904 13.730 -5.880
2654 213.47 965.07 263.40 2.680 -3.634 -12.502
2703 228.60 799.05 233.86 -10.442 -23.379 -6.307
2752 224.82 750.47 249.12 -12.304 -22.433 1.109
2801 211.03 720.56 258.52 -16.485 -15.414 -4.811
2848 183.32 655.99 233.13 -25.548 -25.882 -8.077
2897 203.21 667.83 229.10 -23.076 -41.598 -8.779
2947 252.65 903.06 248.02 -17.705 -45.413 -18.850
2996 228.73 1169.54 196.02 -5.926 -53.073 -27.852
3045 274.75 1376.81 259.86 -3.210 -69.339 -38.991
3092 359.10 1673.32 304.05 41.407 -75.198 -45.186
3141 352.38 965.68 331.88 -30.279 2.591 -21.474
3190 116.91 944.44 270.11 21.693 16.324 20.244
3239 191.74 771.46 373.26 -9.374 44.706 7.029
3287 89.32 587.02 269.62 -4.552 39.487 -5.635
3336 145.23 425.27 246.80 -1.165 -10.836 16.887
3385 244.72 619.73 265.35 4.420 2.042 29.948
3434 260.83 777.45 312.47 4.511 21.970 25.096
3481 222.50 1037.82 226.41 3.504 -2.169 14.323
3530 344.20 1853.74 335.79 64.143 -29.513 -11.342
3579 384.85 1473.00 123.26 -43.188 -8.792 -11.129
3629 292.08 1570.17 172.21 -26.250 6.711 5.778
3676 246.30 853.74 145.60 -59.148 -11.996 32.573
3725 212.49 637.80 158.17 -32.567 -20.633 51.799
3774 208.10 638.53 172.70 -21.734 -9.921 45.329
3823 207.00 579.45 206.51 -24.846 3.141 20.152
3870 169.52 560.41 152.68 -36.596 2.225 -2.919
3919 129.60 578.72 92.26 -37.206 -33.969 -11.037
3969 199.43 744.12 162.57 -30.126 -66.378 -22.420
4018 235.56 940.17 126.92 -10.808 -64.914 -34.993
4067 339.08 1605.45 200.04 40.949 -61.313 -80.892
4114 433.19 1688.33 322.60 68.507 -39.615 -109.944
4163 475.92 1364.60 593.60 57.215 81.021 -79.488
4212 235.20 1041.00 321.75 35.548 128.080 -19.612
4261 84.07 690.53 278.05 12.080 56.821 -2.156
4311 194.67 473.00 347.02 14.735 -6.259 10.051
4358 231.41 358.50 353.85 12.843 -3.146 24.608
4409 263.88 506.57 381.68 16.718 12.784 28.819
4456 299.89 709.33 326.26 12.507 33.139 16.276
4505 300.99 1113.75 286.47 17.237 40.372 -0.600
4554 387.91 1822.86 288.18 45.283 23.862 -18.270
4603 392.91 1671.25 162.08 -55.089 24.991 2.604
4653 335.42 1748.27 200.65 -41.143 44.767 31.718
4700 243.37 1010.48 64.55 -100.194 10.099 77.494
4749 167.08 820.90 62.10 -67.296 -17.642 116.038
4798 207.97 736.19 69.43 -56.554 -30.063 114.116
4847 249.60 659.16 119.23 -38.122 -23.105 81.981
4896 251.80 481.43 97.75 -30.370 12.082 43.223
4943 199.67 501.45 25.85 -11.693 32.987 18.199
4993 248.50 628.52 149.51 5.946 29.264 -10.183
5042 312.59 748.27 283.78 12.080 36.435 -31.026
5089 252.29 839.34 259.13 23.219 27.188 -50.038
5138 278.90 1177.96 288.06 62.678 4.514 -79.427
5187 285.24 1413.07 242.16 75.770 -28.720 -105.764
5236 503.63 1831.16 741.06 63.807 -17.276 -106.313
5285 493.50 1065.65 422.46 55.171 74.796 -57.180
5335 289.52 869.98 204.80 51.753 160.398 -19.887
5382 133.51 655.01 278.90 38.813 116.422 0.071
5431 159.15 479.47 330.78 35.639 55.783 5.137
5480 207.73 459.70 401.34 36.860 38.205 11.363
5527 265.35 577.50 356.17 24.806 37.900 12.462
5576 290.37 697.00 260.96 14.155 59.537 5.748
5625 285.49 1071.76 175.39 5.396 57.950 -3.591
5675 326.87 1841.41 12.91 29.566 -4.367 -13.631
5722 438.20 1608.13 12.06 -64.519 -11.477 12.309
5771 384.61 1766.46 6.07 -62.627 20.169 40.385
5820 296.11 1025.25 -35.31 -40.288 6.406 93.028
5869 266.08 869.00 77.49 -14.776 38.449 103.434
5916 291.35 662.46 108.25 3.901 71.042 77.311
5965 254.36 547.22 129.00 5.671 81.723 49.968
6014 201.14 584.45 96.04 6.037 89.444 30.681
6062 189.17 549.54 95.19 -5.437 67.258 17.344
6111 172.21 578.23 85.54 -8.794 34.970 17.405
6160 181.24 788.07 138.52 5.274 14.463 12.889
6207 170.01 1588.97 40.38 56.239 -23.776 -32.582
6256 380.46 1814.31 147.43 28.468 -35.708 -96.486
6305 503.14 1302.84 447.60 48.609 46.781 -82.021
6354 283.05 1120.71 167.08 63.777 182.645 -22.115
6404 144.13 1043.32 133.76 33.259 141.843 -6.124
6451 183.93 706.77 281.71 22.791 52.487 -9.053
6500 224.70 580.55 336.27 25.630 35.764 1.658
6549 239.35 464.58 304.54 15.254 27.402 17.558
6598 233.12 537.33 277.44 17.176 37.748 27.751
6645 236.42 685.04 262.54 4.908 40.830 19.358
6694 221.52 983.87 259.49 -0.921 21.176 3.398
6744 263.27 1163.80 163.67 -12.762 -24.203 -5.056
6793 376.43 1677.35 229.46 -2.874 -48.678 1.445
6840 395.84 1578.35 86.64 -1.043 -7.205 22.319
6889 408.90 1590.80 161.84 -62.871 48.276 21.251
6938 246.18 918.93 39.40 -39.251 50.443 54.026
6987 167.69 619.37 114.35 -17.675 76.413 74.229
7034 103.97 627.42 173.92 -8.153 81.754 65.989
7084 110.32 618.63 126.31 -22.771 30.088 50.547
7133 75.89 654.77 29.39 -27.135 -28.567 24.669
7182 168.54 635.84 74.68 -34.185 -61.129 -3.072
7229 229.70 685.65 93.96 -18.163 -43.979 -18.575
7278 216.15 812.11 158.30 -8.184 -18.557 -31.911
7327 188.93 1417.83 55.27 50.501 -41.446 -63.466
7376 388.27 1921.37 168.18 60.938 -56.979 -118.581
7426 579.31 1524.03 544.04 63.075 31.186 -99.233
7473 337.86 1202.62 289.03 65.150 152.616 -38.686
7522 139.61 812.24 196.50 22.547 120.908 7.579
7571 157.07 594.95 322.48 33.900 32.743 16.032
7620 184.54 498.88 378.51 10.432 14.676 23.112
7669 191.25 365.83 344.33 5.152 -10.318 29.948
7716 213.83 513.65 303.07 0.910 -8.578 32.145
7766 252.16 741.56 267.67 12.873 40.677 13.713
7815 207.73 1189.43 192.35 15.925 78.244 -18.056
7864 125.58 1688.58 120.94 35.639 91.245 -59.377
7911 52.09 1750.96 128.14 -52.343 -63.113 -21.413
7960 363.86 1871.32 113.50 -93.206 -130.191 20.335
8009 322.11 913.55 59.30 -120.122 -140.567 58.085
8058 272.43 603.74 106.05 -51.122 -94.760 99.681
8108 327.48 617.66 196.63 -34.215 1.310 104.167
8155 240.57 594.95 200.29 -42.394 70.798 78.349
8204 111.42 586.65 101.66 -58.721 65.457 41.758
8253 44.89 596.90 45.99 -65.008 0.699 6.755
8302 89.57 642.56 104.58 -46.636 -78.585 -16.469
8349 174.65 1159.53 87.50 22.608 -114.413 -80.007
8398 526.46 1440.65 303.56 32.832 -96.377 -150.441
8448 524.87 1673.32 494.72 121.363 17.270 -162.679
8497 606.78 1406.11 561.01 97.682 236.203 -126.973
8546 186.00 718.73 155.61 18.855 207.120 -29.897
8595 -64.61 638.65 128.75 40.675 81.266 14.232
8642 -31.77 538.68 269.87 21.937 -4.611 27.049
8691 144.86 474.22 446.38 19.099 -92.807 24.730
8740 337.61 654.40 502.53 4.695 -105.533 17.314
8790 382.66 813.70 420.87 -5.529 -20.724 -2.370
8837 289.39 1671.25 334.32 45.893 13.242 -34.566
8886 273.53 1899.76 123.63 -88.293 -34.701 -27.761
8935 241.67 1310.28 196.75 -40.716 -80.508 36.998
8984 297.94 1375.22 312.59 -84.814 -24.112 72.551
9033 277.43 715.31 147.80 -79.137 -22.555 99.498
9082 173.55 612.29 94.82 -67.541 3.537 107.371
9129 141.45 527.32 154.27 -68.334 9.946 94.981
9179 122.40 541.24 159.15 -77.489 -7.968 69.041
9228 110.44 552.35 114.59 -78.771 -29.849 37.730
9277 107.27 610.09 155.12 -71.386 -44.284 2.208
9324 179.17 1081.89 91.77 -18.438 -71.231 -73.720
9373 400.72 1492.78 154.63 44.886 -111.606 -164.357
9422 547.82 1470.20 566.62 82.179 -84.201 -181.539
9474 577.72 1454.33 626.07 151.911 114.041 -153.524
9523 563.32 1119.73 416.11 73.176 231.931 -87.300
9572 54.53 628.64 175.63 37.074 126.218 -27.669
9619 104.58 536.85 246.80 51.692 55.844 15.269
9668 142.06 576.76 402.80 50.135 42.752 33.213
9717 232.75 758.77 598.36 27.918 11.655 34.983
9766 278.29 949.20 570.65 -3.454 3.995 22.899
9814 227.99 1125.71 404.39 -24.724 0.302 6.297
9863 209.07 1758.89 330.54 -14.196 -20.511 -12.868
9912 159.27 1378.52 43.31 -148.321 -96.469 26.500
9961 248.26 1645.24 98.73 -72.851 -136.172 58.390
10008 412.20 1044.54 245.33 -123.540 -121.585 73.130
10057 270.11 730.69 169.77 -62.322 -55.362 96.080
10106 214.81 677.23 163.30 -43.035 18.827 97.880
10156 161.71 627.54 190.89 -39.495 47.879 71.086
10205 106.04 489.12 184.17 -53.106 36.191 41.209
10254 18.89 503.15 137.54 -53.045 -8.029 10.600
10301 83.95 588.12 228.73 -48.925 -66.317 -29.439
10350 232.75 884.99 197.24 -8.916 -120.883 -92.916
10399 530.00 1551.13 307.83 42.201 -136.538 -179.494
10448 584.19 1534.65 270.72 62.159 -126.101 -204.885
10498 572.84 1464.09 734.71 84.620 35.001 -167.226
10547 421.35 1089.95 415.01 61.427 126.859 -97.097
10596 155.61 959.45 146.33 17.176 68.418 -48.635
10645 156.95 862.77 202.00 6.007 -25.302 -30.049
10692 231.53 784.28 306.98 -17.309 -100.528 -8.901
10741 337.73 794.66 341.89 -23.199 -151.095 24.119
10790 419.28 1216.78 293.67 -17.614 -118.869 57.383
10840 297.82 1320.78 141.21 -62.871 -66.989 75.145
10889 225.43 1122.17 145.84 -82.982 -74.252 90.037
10946 304.78 888.90 219.09 -101.049 -24.020 88.694
10995 241.05 822.73 232.88 -88.018 -38.363 78.441
11044 422.33 996.44 386.93 -77.733 -12.332 42.399
11094 323.57 859.72 432.59 -91.619 -16.909 -3.347
11143 269.25 731.30 400.97 -77.733 -81.973 -37.435
11192 403.90 635.23 438.57 -72.301 -130.404 -53.029
11239 553.19 651.23 422.46 -65.679 -158.877 -62.215
11288 717.01 649.88 413.67 -64.458 -153.964 -59.102
11337 775.60 667.34 368.87 -62.932 -87.924 -54.341
11386 687.22 657.21 351.90 -52.221 -62.472 -50.008
11438 600.43 654.64 325.78 -46.758 -79.654 -45.400
11487 618.98 721.05 363.50 -48.925 -81.637 -57.454
11536 571.50 678.20 369.72 -39.495 -86.215 -53.579
11585 718.47 774.76 465.06 -1.226 -83.163 -24.984
11634 726.89 723.61 394.99 -28.112 -45.688 -47.353
11683 595.30 746.68 339.33 -18.682 -49.991 -47.841
11730 494.59 671.73 369.84 -10.747 -55.240 -46.804
11780 499.84 701.03 458.34 -9.588 -83.804 -51.442
11829 590.42 818.34 562.10 -27.532 -56.613 -43.813
11878 519.25 963.24 318.21 -35.650 -54.751 -48.268
11929 629.36 999.37 96.89 -17.553 -45.657 -77.321
11976 551.60 810.16 116.30 -12.243 -12.332 -52.694
12025 329.80 747.29 52.46 21.052 6.925 -8.535
12075 400.11 902.93 219.58 38.844 -2.292 -7.772
12124 433.32 1032.57 310.15 13.880 -1.498 -18.300
12173 412.08 907.94 235.93 -15.508 -57.345 -4.506
12222 465.30 940.90 240.45 -12.334 -8.670 -8.535
12269 357.14 876.81 172.82 -8.001 13.822 -5.666
12318 314.05 894.39 178.56 2.406 2.835 -1.119
12367 348.60 931.87 193.09 0.147 13.608 -6.490
12417 341.40 914.04 213.47 1.185 4.422 -3.987
12464 369.11 902.32 195.77 -2.111 0.608 -2.828
12513 377.90 907.57 223.12 2.589 2.256 1.262
12562 378.51 934.18 254.98 1.490 7.199 0.895
12609 318.69 927.47 247.04 0.056 15.500 -8.107
12658 290.37 932.35 272.92 0.727 -6.717 -13.814
12707 378.63 944.56 280.49 -8.306 -11.599 -5.239
12756 355.56 884.50 269.87 -3.911 0.974 -3.957
12804 331.88 896.59 284.88 -5.651 -6.564 -8.351
12853 335.78 887.31 243.87 -1.317 3.141 -6.002
12902 338.10 955.55 238.13 -2.721 4.880 -1.332
12951 312.83 925.27 236.42 6.587 13.944 -6.093
13000 294.77 967.63 292.82 7.044 11.991 -6.765