1519 281.34 931.99 264.62 2.284 2.011 -6.642
1562 279.87 942.49 267.30 0.483 2.866 -5.422
1613 277.31 923.44 258.76 -1.104 -3.085 -0.966
1662 302.33 948.59 251.92 3.779 -3.268 3.459
1710 311.00 931.87 247.04 7.960 8.481 5.565
1759 290.98 913.55 244.36 13.209 16.202 7.518
1806 269.99 914.90 258.52 16.993 12.601 4.588
1855 260.83 943.83 273.29 19.801 1.371 -6.032
1904 269.74 942.49 286.71 17.085 -8.334 -14.455
1953 271.69 892.68 285.37 14.308 -18.527 -12.166
2000 267.42 906.47 290.74 13.972 -21.121 -6.948
2050 252.77 904.77 294.65 10.645 -22.769 -6.734
2099 213.83 1008.28 280.85 7.136 -29.879 -9.755
2148 209.07 965.19 169.65 -14.562 -67.996 -8.840
2197 318.45 969.95 188.20 -19.933 -93.722 4.100
2244 342.86 911.72 243.13 -18.651 -77.273 0.193
2293 338.22 786.97 272.80 -14.837 -29.940 -14.669
2342 260.83 538.19 281.83 -29.180 -6.137 -23.366
2392 152.80 148.54 198.58 -52.648 -30.978 5.168
2441 149.38 363.38 128.63 -26.403 -55.972 35.258
2488 368.13 1222.15 180.76 25.263 -30.398 0.499
2537 527.31 1382.30 456.27 20.411 21.695 -86.629
2586 404.38 1180.89 249.48 43.849 39.304 -66.884
2635 313.81 843.49 415.50 7.685 91.947 12.736
2682 148.28 290.02 295.63 -37.725 39.365 62.419
2732 113.49 624.61 83.47 4.542 -24.478 86.192
2781 273.53 1551.74 101.41 28.010 -22.494 17.314
2830 424.28 1776.84 -44.10 -36.321 -61.252 -64.748
2879 380.70 1287.46 -31.65 -17.309 -53.775 -60.506
2928 332.49 773.78 404.15 3.810 78.397 -7.680
2977 240.44 296.49 222.14 -33.758 114.530 38.371
3026 97.38 607.16 6.81 -19.689 19.803 64.219
3074 243.01 1344.95 94.09 38.081 -21.823 6.205
3123 462.61 1226.79 494.48 -15.050 -21.548 -54.769
3172 288.17 798.08 238.62 29.597 -18.557 -29.012
3221 396.08 163.55 233.00 14.521 71.134 49.968
3268 293.06 431.13 129.12 42.140 156.430 90.068
3317 136.32 2119.61 217.62 42.536 198.087 -7.741
3366 527.92 1528.30 -86.21 -3.332 -29.483 -41.677
3416 541.23 1281.96 86.27 -39.800 -66.012 -12.105
3465 399.99 342.75 196.75 -62.658 44.553 50.517
3514 161.71 118.02 92.62 -41.662 52.091 91.685
3561 122.04 719.10 78.46 5.793 109.342 36.113
3610 479.82 1777.45 427.46 44.459 57.431 -72.469
3659 677.46 1320.66 424.04 25.843 -67.752 -53.609
3708 612.76 716.53 196.75 1.185 4.544 26.561
3756 329.56 256.45 259.37 13.239 76.749 90.251
3805 148.89 342.14 101.53 28.925 73.484 94.890
3854 333.95 1110.33 37.93 95.393 56.821 7.213
3903 964.32 2189.80 50.63 54.194 102.750 -112.447
3950 468.96 1512.80 -248.56 8.753 71.683 -59.926
3999 395.72 781.84 240.94 10.798 52.884 7.304
4048 455.04 452.62 381.20 14.277 73.819 32.603
4098 253.75 145.12 72.60 -12.700 114.926 60.038
4145 178.55 618.27 -71.32 12.629 56.668 58.238
4194 484.22 1547.83 176.00 42.201 19.864 -23.427
4243 644.62 1557.48 400.00 25.752 10.678 -48.421
4292 449.06 1205.67 74.43 9.211 45.163 1.445
4339 319.42 373.03 244.72 -7.848 53.464 73.222
4388 176.11 103.13 129.12 20.381 79.648 123.820
4438 185.51 550.03 84.44 25.599 100.034 115.306
4487 432.22 1744.85 88.35 16.169 47.452 15.941
4534 680.39 1784.89 -138.95 20.899 -31.833 -58.736
4583 477.75 1206.04 39.28 12.385 17.087 -30.690
4632 362.03 733.99 234.96 14.277 74.460 12.034
4681 196.25 215.31 177.95 -19.933 76.139 50.395
4730 140.83 360.94 309.79 -23.229 110.929 50.731
4777 55.02 949.20 219.09 -27.166 58.805 -19.155
4827 506.44 1536.48 239.35 -5.681 -142.428 -67.952
4876 649.26 1253.64 368.50 -2.965 -166.507 -40.242
4925 514.49 454.20 332.00 -0.158 0.272 31.199
4974 235.56 162.09 288.91 20.533 97.440 94.035
5021 122.04 706.28 216.28 33.778 78.580 61.412
5070 442.71 1836.53 79.93 68.629 3.690 -51.076
5120 664.27 1448.83 -12.60 -61.132 -64.914 -74.758
5169 502.90 1052.71 497.65 -18.621 -14.560 -24.678
5218 282.68 517.19 214.69 -63.604 -14.377 21.891
5265 197.11 36.60 40.86 -46.758 -64.578 37.425
5314 343.35 882.06 284.15 18.061 -71.017 3.825
5363 638.52 1696.88 208.83 -13.891 -18.405 -92.458
5412 538.17 957.62 472.63 63.197 -20.663 -73.232
5464 511.07 1096.42 627.90 56.147 114.255 -28.066
5513 328.46 741.68 409.27 15.894 134.946 1.445
5560 133.39 262.68 194.92 -22.222 76.871 26.439
5609 124.36 561.14 178.44 16.291 5.490 36.998
5658 302.21 1624.37 142.06 47.663 -19.839 -19.521
5707 357.14 1574.69 -230.62 -57.592 -93.325 -41.951
5756 358.24 1507.18 152.68 -1.501 -66.623 -34.017
5806 384.00 1074.57 279.27 36.250 8.145 -16.530
5853 291.35 673.56 310.03 8.631 78.305 -7.222
5902 194.42 202.13 138.03 -38.549 75.742 29.490
5951 8.02 343.24 77.24 -32.506 -6.930 51.158
5998 68.69 888.53 120.09 7.716 -94.302 10.905
6047 546.60 1837.63 346.41 0.025 -126.590 -66.884
6096 517.30 1224.83 448.09 26.545 -65.554 -64.717
6146 336.27 1103.86 346.65 41.010 137.967 -23.091
6195 275.72 657.21 357.39 11.347 158.048 21.586
6242 110.93 295.39 256.07 -21.520 100.858 58.635
6291 -22.74 455.67 117.04 1.521 42.508 68.797
6340 144.25 1551.86 204.44 63.044 -35.678 -9.969
6389 640.59 1881.57 -22.12 -123.876 -117.526 -65.023
6438 441.86 999.13 219.21 -71.660 -80.447 -4.842
6486 324.79 938.70 244.84 -38.976 -29.086 41.362
6535 347.99 521.71 273.29 -30.065 -16.085 50.822
6584 372.65 639.26 288.91 -21.337 49.253 47.801
6633 409.02 1007.06 171.11 -23.260 65.702 30.742
6682 540.74 1331.40 361.18 -38.885 65.305 -2.156
6731 505.95 1523.78 587.98 6.739 -13.888 -6.520
6778 425.01 1086.89 565.64 -7.299 10.800 36.326
6828 321.01 910.87 332.37 2.986 63.077 61.412
6877 111.05 755.84 367.28 -7.513 104.123 32.817
6926 98.35 673.20 379.12 -10.534 15.012 36.937
6973 320.89 647.08 433.32 -12.029 -12.790 47.191
7022 392.79 858.38 434.66 -0.799 59.873 45.665
7071 328.82 1114.48 533.42 3.108 69.272 11.943
7120 287.44 795.15 469.33 -18.560 2.408 3.001
7168 434.41 895.49 535.37 8.082 -11.081 0.468
7217 377.04 802.96 483.13 -7.818 9.977 10.600
7266 333.71 578.84 396.09 0.422 0.302 16.917
7313 458.10 734.23 564.79 14.399 11.258 9.837
7362 462.86 846.42 561.49 16.017 23.435 -5.635
7411 414.27 762.07 523.77 -10.717 -7.541 -1.973
7460 455.90 786.97 525.00 -18.499 -17.154 4.863
7507 465.05 685.41 522.92 -4.064 -7.235 -0.966
7557 436.00 696.03 510.10 -5.224 0.425 2.330
7606 449.43 724.35 517.43 -3.850 3.629 3.337
7653 482.88 754.50 556.61 0.941 12.418 1.109
7702 433.32 769.76 539.77 -3.271 -1.193 -4.842
7751 470.67 741.19 563.69 0.727 -6.228 5.442
7800 424.53 745.83 536.96 -1.775 -11.691 -9.023
7847 460.17 720.32 550.26 -4.400 -18.557 -0.234
7897 468.23 746.93 563.81 0.422 -6.900 -8.840
7946 429.90 767.68 549.29 -1.684 4.514 -8.199
