2119 239.10 1138.53 150.12 -13.952 -73.336 -25.472
2164 246.55 1414.41 107.39 25.935 -74.466 -37.313
2215 186.98 1564.68 -5.40 -24.511 -89.297 -55.165
2265 179.17 840.92 172.94 -19.720 -52.005 -38.198
2314 87.25 1006.57 212.74 20.197 -16.787 -14.913
2363 152.19 919.29 221.77 0.697 -10.165 -20.284
2410 194.06 808.70 279.02 4.054 -4.763 -17.812
2459 199.18 694.32 304.29 -5.773 9.519 1.201
2510 199.55 683.82 349.34 -14.837 -13.766 18.290
2560 299.40 774.88 310.64 -18.957 -19.656 29.246
2607 335.42 1038.92 348.60 -24.358 -11.172 31.627
2656 323.70 1044.90 204.68 -28.905 -23.684 45.329
2705 401.58 1379.86 254.00 11.958 5.735 51.677
2754 353.73 1387.31 296.97 -15.447 77.176 50.486
2803 172.45 1198.34 87.50 -33.819 60.971 56.132
2852 145.84 1026.96 77.00 -53.502 3.141 51.677
2899 214.81 734.72 103.12 -57.348 -20.419 43.010
2949 190.52 582.13 69.67 -28.997 -12.759 37.089
2998 183.93 578.47 37.93 -13.738 7.077 28.941
3047 118.86 776.23 -64.73 18.214 9.183 2.940
3094 179.04 1167.22 46.36 55.323 -8.548 -39.754
3143 159.27 1343.00 164.64 50.532 0.852 -67.952
3192 151.70 1477.52 34.52 58.405 -19.503 -102.925
3241 226.89 1044.78 294.53 41.468 -24.844 -101.308
3291 225.06 1159.16 390.23 71.345 22.641 -75.643
3338 220.67 982.28 326.02 36.158 47.727 -60.567
3387 202.11 733.01 342.01 25.691 35.977 -46.743
3436 203.70 605.33 331.76 17.878 31.613 -19.338
3485 179.53 691.39 341.40 4.389 14.981 3.123
3532 174.04 879.38 335.18 -5.926 -13.492 15.269
3581 179.04 1287.21 302.46 -14.623 -36.746 24.394
3631 216.15 1210.06 146.33 -51.977 -51.761 50.456
3680 351.28 1479.72 312.10 -4.674 -24.478 56.010
3729 373.01 1152.69 351.17 -46.575 49.832 62.571
3776 190.76 1001.57 68.57 -36.718 59.354 70.933
3825 188.81 930.77 124.12 -49.474 23.923 54.088
3874 218.47 782.82 131.44 -56.981 -5.435 45.787
3923 198.33 673.20 58.56 -55.242 -17.398 50.181
3973 178.92 637.80 32.32 -40.288 -27.346 50.731
4020 175.38 785.26 8.88 -8.581 -38.424 32.542
4069 224.09 1094.58 71.63 16.230 -36.807 -7.772
4118 199.55 1305.03 98.60 28.346 -11.630 -53.273
4167 146.94 1447.12 -10.28 38.813 -22.586 -94.319
4216 244.11 1068.10 185.15 36.769 -25.393 -102.101
4263 217.25 1195.54 220.06 67.164 21.634 -81.899
4313 222.99 1079.94 214.81 41.743 37.534 -78.694
4362 208.22 786.36 268.40 37.196 19.284 -70.943
4411 196.87 643.29 307.34 36.524 7.871 -49.184
4460 215.30 659.89 337.74 23.860 -0.033 -31.575
4507 199.18 765.24 280.24 11.103 -16.543 -17.629
4556 203.09 1081.16 289.16 12.477 -35.098 -11.953
4605 295.25 1160.63 337.13 -9.221 -41.537 -3.255
4655 317.71 1318.34 198.95 6.983 -23.776 25.157
4704 361.66 1665.75 334.32 -7.116 38.724 43.345
4753 240.81 1112.77 134.13 -77.703 48.490 77.952
4800 142.54 1192.36 52.22 -68.334 16.324 103.343
4849 183.93 1005.96 126.80 -80.541 -18.588 95.866
4907 230.19 713.73 60.27 -72.790 -26.706 81.706
4956 218.84 686.99 33.66 -50.908 -3.177 77.067
5005 187.34 791.85 30.12 -38.701 13.089 62.175
5054 154.14 971.29 10.96 -17.492 -0.125 27.964
5101 182.22 1157.82 67.23 -2.660 -16.208 -16.744
5150 120.82 1315.53 19.75 21.876 -28.354 -56.325
5199 165.86 1024.88 91.77 17.939 -40.896 -81.746
5249 211.51 1094.71 187.96 69.422 -13.644 -80.617
5298 235.32 1048.20 246.67 67.561 30.759 -88.063
5347 236.54 861.19 283.42 72.352 42.081 -91.573
5394 237.64 750.22 336.40 67.225 49.527 -82.235
5443 231.53 754.86 344.45 49.861 47.910 -64.687
5492 169.77 831.77 276.70 28.193 15.958 -47.628
5541 164.39 1043.93 297.33 14.308 -34.732 -34.902
5591 237.03 1160.87 306.49 -9.344 -94.180 -13.936
5638 310.88 1228.13 251.07 -12.182 -110.659 18.229
5687 378.38 1603.86 382.66 -0.005 -55.514 42.735
5736 321.62 1236.55 277.07 -71.752 24.350 68.217
5785 141.08 1200.66 152.44 -58.629 36.344 89.396
5834 72.35 1151.10 143.04 -95.556 -14.743 94.951
5883 144.86 843.97 159.03 -90.368 -65.219 93.394
5931 191.01 698.96 156.95 -79.168 -61.770 92.784
5980 189.05 628.64 112.52 -60.827 -27.957 87.291
6029 124.11 672.47 62.59 -47.613 -3.116 63.792
6078 96.04 839.34 36.96 -17.888 -20.785 11.821
6127 177.46 955.18 133.15 10.279 -36.349 -49.489
6174 163.42 1486.06 33.54 48.518 -45.382 -111.928
6223 270.72 1303.69 110.20 30.177 -59.420 -150.685
6273 224.33 1224.35 179.05 70.582 -29.239 -130.208
6322 225.19 1129.50 260.71 63.471 19.864 -108.663
6371 217.74 852.76 282.44 52.546 3.080 -94.411
6420 164.76 701.03 246.55 41.163 -24.600 -77.840
6469 172.33 713.24 328.95 25.416 -62.960 -60.933
6516 184.05 747.29 269.62 -2.325 -109.103 -41.280
6565 234.22 917.95 184.05 -6.383 -146.090 -23.854
6615 352.02 1202.37 248.99 7.380 -155.612 -15.981
6664 432.46 1440.90 297.33 1.765 -120.700 7.518
6713 376.31 1430.03 528.29 -4.217 -23.471 46.824
6760 205.29 1201.76 324.07 -39.892 23.069 93.303
6809 66.01 1227.28 176.00 -58.446 1.187 110.667
6858 64.42 1031.84 258.76 -91.192 -34.304 109.752
6907 128.63 836.53 279.27 -92.473 -57.071 105.052
6957 136.32 715.07 252.05 -82.158 -49.380 98.857
7006 129.36 662.70 169.89 -68.548 -28.079 85.154
7053 124.72 737.29 111.18 -44.835 -16.879 50.944
7102 168.54 867.53 96.28 -17.003 -22.006 -5.666
7151 228.48 920.63 136.57 16.779 -33.786 -64.260
7200 260.34 1357.04 106.66 51.997 -38.028 -118.245
7249 317.10 1105.82 156.59 43.360 -40.622 -138.509
7299 227.87 1285.26 190.64 80.378 -7.266 -120.839
7346 239.71 1132.43 243.87 56.147 11.197 -102.834
7395 215.91 889.75 253.51 52.363 -15.475 -86.446
7444 255.21 726.05 302.22 43.116 -11.691 -68.471
7493 226.16 665.02 331.27 33.930 -7.571 -49.886
7542 194.79 814.80 325.65 23.066 -25.271 -39.144
7591 228.24 1053.08 279.51 17.909 -66.012 -38.381
7641 330.53 1202.25 323.95 3.199 -84.658 -28.432
7690 355.80 1212.38 299.04 5.244 -66.836 7.762
7739 347.26 1559.06 411.47 11.042 -18.710 40.568
7788 280.36 1204.45 250.95 -57.867 20.475 76.701
7835 169.40 1184.92 149.02 -59.820 29.264 107.585
7884 132.53 1147.56 159.03 -90.002 10.068 110.637
7933 171.72 906.60 166.35 -98.852 -20.999 104.411
7983 165.62 786.24 85.91 -91.894 -37.722 102.275
8032 179.17 693.83 47.58 -72.637 -38.333 96.263
8081 234.22 753.15 68.21 -49.505 -19.076 73.344
8128 208.10 872.91 73.58 -26.922 2.805 37.028
8177 208.22 866.31 74.92 1.734 -2.292 -14.058
8226 217.86 1086.04 121.92 48.274 -4.184 -64.748
8275 254.12 1285.63 125.34 61.946 1.157 -115.499
8325 261.07 1161.97 175.39 81.385 6.894 -126.210
8372 266.81 1248.64 296.11 87.946 42.112 -117.116
8421 235.20 996.93 278.78 63.166 55.448 -95.662
8470 169.28 806.38 283.05 51.844 29.416 -71.218
8519 161.71 738.51 347.26 36.463 -4.794 -51.290
8568 197.48 792.95 311.25 21.205 -46.969 -37.191
8615 250.82 890.36 314.55 7.166 -65.036 -27.700
8665 291.35 971.66 297.09 -1.745 -67.874 -15.462
8714 315.03 1102.64 318.33 0.056 -45.260 2.726
8763 309.78 1113.14 262.91 -10.290 -30.825 23.051
8812 293.79 1527.32 282.81 12.202 -10.684 43.834
8859 295.74 1263.41 246.43 -59.118 21.329 65.104
8908 215.79 1156.72 145.97 -41.814 37.137 92.936
8957 175.87 1128.89 153.05 -72.271 32.407 99.711
9007 193.57 941.39 169.16 -76.238 10.343 98.979
9056 187.95 792.22 103.85 -80.236 -3.482 97.209
9103 157.56 738.26 81.76 -72.790 -51.852 93.882
9152 236.78 695.90 96.04 -52.617 -92.105 87.535
9201 353.24 725.32 110.81 -40.655 -70.620 65.318
9250 395.11 663.55 81.03 -17.003 -11.599 21.922
9299 357.75 643.17 141.94 8.814 30.088 -19.521
9347 335.78 744.98 152.07 37.684 44.828 -52.510
9396 357.39 945.17 203.83 66.889 46.933 -89.528
9445 353.12 1125.96 212.74 83.277 59.079 -114.492
9494 308.93 1476.18 186.13 102.503 59.873 -137.044
9543 316.37 1370.83 363.86 75.800 55.112 -130.025
9592 267.30 1169.29 374.12 41.499 42.905 -90.383
9639 132.17 998.52 293.43 19.801 -2.902 -40.181
9689 185.15 939.80 307.34 -14.226 -56.552 -10.121
9738 238.61 805.52 253.02 -32.690 -79.013 9.105
9787 261.20 746.93 244.72 -36.809 -78.769 18.626
9836 276.70 692.73 263.64 -28.417 -71.841 25.065
9885 277.19 830.42 268.65 -16.332 -44.589 29.002
9932 254.24 889.26 217.26 -13.494 -17.856 27.568
9981 218.59 962.14 228.49 -10.290 -11.630 29.033
10031 210.90 1045.76 198.33 7.685 -9.860 34.160
10080 265.47 1057.35 303.19 2.406 11.716 26.866
10129 244.59 819.56 271.94 3.962 56.729 24.150
10176 142.54 891.95 230.44 0.483 68.570 16.002
10225 90.05 950.18 186.74 -15.264 6.742 3.886
10274 257.29 951.27 221.16 -15.203 -48.129 -0.997
10323 343.84 923.44 203.58 -7.024 -20.236 -3.072
10371 306.73 935.77 227.14 2.955 15.561 -6.551
10420 284.27 932.35 223.97 11.164 18.582 -8.718
10469 280.85 952.13 246.67 9.791 11.716 -9.389
10518 280.48 949.81 243.01 3.382 1.950 -6.795
10567 286.10 948.96 228.36 1.460 -6.839 -4.293
10616 307.71 938.58 252.17 2.833 -8.334 -4.323
10665 298.67 926.49 236.54 4.511 -1.254 -4.201
10715 291.10 941.39 260.96 6.739 5.216 -2.706
10762 279.63 958.11 260.71 3.779 6.406 -2.248
10811 277.07 931.74 257.42 1.460 -0.033 -0.905
10860 291.96 952.25 259.13 -0.188 -0.064 0.560
10909 282.80 943.71 247.90 -1.745 -0.430 2.086
10956 280.85 948.47 246.06 -3.057 -3.421 2.848
11005 298.55 953.35 239.84 -3.698 -1.986 3.154
11055 304.04 937.36 252.53 -2.263 2.347 3.093
11102 329.43 951.76 265.47 -2.874 13.852 3.093
11151 328.46 933.33 270.36 -6.383 21.512 6.694
11200 346.04 939.68 276.22 -11.449 21.360 12.309
11249 347.26 938.82 261.32 -16.241 26.548 19.053
11298 321.25 927.84 268.40 -14.745 14.768 25.065
11347 349.21 911.85 282.81 -17.797 17.301 28.819
11395 310.51 887.55 279.15 -12.029 8.084 28.483
11444 348.72 884.26 330.90 -3.301 -0.491 22.532
11493 406.09 913.07 345.19 0.880 30.667 14.689
11542 338.34 882.06 342.62 1.277 44.583 10.386
11589 317.23 876.57 384.13 3.657 26.731 7.457
11638 335.42 874.13 402.31 1.521 11.045 5.229
11687 338.59 859.60 394.87 -2.141 5.185 4.130
11737 356.78 903.06 410.00 -12.609 4.605 8.860
11784 368.01 685.89 392.30 -21.429 3.446 0.102
11833 377.29 849.22 419.77 2.040 -2.871 21.495
11882 409.76 839.09 451.26 -11.999 -13.339 -6.856
11931 503.14 708.35 437.47 -12.945 5.399 17.772
11978 384.61 875.71 397.07 4.847 1.035 -11.739
12027 406.95 896.95 416.35 -6.566 0.974 5.839
12077 357.63 881.57 415.38 -5.376 0.333 -21.657