2127 275.97 904.77 271.46 10.706 7.108 -7.192
2172 282.07 936.02 261.45 9.699 15.134 -8.779
2222 260.10 943.95 246.67 7.502 10.343 -9.145
2271 266.57 945.66 258.64 6.983 -5.801 -4.903
2320 280.00 960.06 254.73 2.863 -10.928 -0.997
2369 277.19 940.53 253.75 -0.249 -7.174 0.621
2416 266.69 961.77 255.83 1.612 -11.447 1.628
2465 287.69 948.47 268.40 1.673 -6.625 0.468
2514 263.64 921.12 244.11 0.514 -1.223 2.360
2562 257.05 947.61 268.65 0.300 -4.702 1.750
2611 275.36 937.36 249.24 -0.890 -4.458 -1.485
2660 267.67 967.39 246.67 -2.019 -6.106 -3.163
2709 281.95 933.09 237.28 -2.508 -9.890 -1.638
2756 279.87 908.31 230.93 -0.921 -6.564 1.811
2805 288.30 952.13 249.73 1.704 4.972 -0.783
2854 285.12 914.04 246.43 1.734 6.986 -0.264
2902 298.31 952.50 259.49 2.284 -5.710 3.398
2951 416.96 926.13 351.66 -2.050 -15.048 5.046
3000 359.71 907.82 424.17 -6.841 -1.986 18.016
3049 381.68 918.68 409.27 -18.072 -37.173 26.133
3098 467.50 933.94 461.27 -25.487 -50.479 32.786
3145 442.84 898.66 452.24 -38.061 -25.058 36.876
3194 442.35 844.10 436.25 -45.659 -23.013 40.782
3244 465.79 846.66 488.62 -50.207 -7.327 39.164
3293 443.81 770.85 419.40 -54.510 9.366 30.955
3342 397.79 692.24 376.80 -46.483 12.082 19.938
3389 386.20 707.87 345.31 -26.525 5.307 0.438
3438 377.16 764.26 338.35 -0.127 0.974 -26.418
3487 363.25 841.04 309.42 17.146 -1.101 -51.900
3536 261.07 1070.78 222.63 34.266 -12.545 -74.483
3586 252.53 1180.52 214.57 37.776 -58.627 -112.630
3635 294.40 949.20 255.95 41.285 -81.424 -108.266
3684 301.85 1099.59 255.46 35.334 -27.133 -86.293
3731 239.96 1052.47 246.19 18.244 -0.888 -72.316
3780 188.69 874.86 295.50 7.197 -21.670 -54.799
3829 227.14 766.58 301.00 10.798 -47.671 -36.153
3878 265.83 804.91 336.03 11.805 -35.342 -27.486
3928 253.26 808.70 332.49 9.303 -13.186 -18.880
3977 231.29 822.73 368.50 10.554 -6.411 -5.147
4024 241.79 833.60 421.11 7.624 -1.651 12.004
4073 261.32 1020.61 448.09 4.206 14.341 26.408
4122 224.82 1075.66 436.98 -14.257 20.566 34.587
4171 189.17 1381.94 426.85 -7.146 -2.841 35.411
4220 240.69 1041.97 470.31 -41.204 -8.853 34.160
4270 226.41 941.26 267.67 -37.847 0.058 61.229
4319 278.77 1111.92 355.32 -39.861 39.609 66.661
4368 277.68 1063.58 356.54 -53.899 56.119 56.041
4417 208.83 896.59 251.31 -61.254 47.025 53.813
4464 207.61 858.75 226.41 -59.942 13.913 52.073
4513 244.11 762.68 218.96 -51.732 -1.437 43.834
4562 241.18 760.60 208.47 -42.058 -7.602 26.866
4612 259.00 692.12 207.49 -23.656 -11.416 11.699
4661 247.40 850.08 227.39 3.474 -11.172 -14.424
4708 255.70 984.48 302.34 24.989 -22.952 -50.649
4757 259.61 1268.66 265.84 60.450 -37.997 -83.150
4806 286.59 1157.08 354.34 61.762 -27.835 -102.315
4855 252.77 863.38 402.44 58.222 -3.329 -76.955
4904 221.16 996.93 372.16 55.476 7.993 -53.395
4954 283.41 928.33 421.24 38.020 1.584 -47.048
5001 248.62 692.00 400.00 20.350 -6.625 -28.096
5050 284.27 725.57 456.64 25.141 -24.386 -13.539
5099 316.98 813.21 477.51 11.653 -37.112 -9.664
5148 345.30 891.22 432.34 -0.677 -58.993 3.947
5197 372.28 901.47 431.86 -6.597 -68.301 24.424
5244 373.62 1088.73 498.99 -7.909 -51.028 39.225
5294 280.97 1022.81 330.54 -30.919 -64.547 45.329
5343 406.46 1228.98 409.52 -16.515 -72.360 45.207
5392 412.93 1047.34 416.23 -29.058 -19.015 44.993
5441 348.11 968.85 298.07 -25.457 44.706 54.973
5490 336.27 1082.38 331.51 -35.222 81.235 49.907
5539 296.96 958.72 316.13 -46.636 66.953 46.489
5586 259.37 832.74 277.07 -48.467 53.006 56.315
5636 260.34 840.80 276.34 -46.636 46.292 55.247
5687 255.46 783.55 248.99 -39.037 34.726 35.014
5736 260.46 707.74 262.42 -26.555 19.254 14.476
5783 268.15 786.11 260.10 -5.193 4.758 -9.664
5832 272.30 906.11 295.50 16.383 -6.625 -43.691
5881 276.46 1252.67 254.61 56.758 -30.154 -86.415
5931 336.64 1049.79 350.56 52.851 -33.511 -108.174
5980 290.86 837.02 299.78 67.927 -10.074 -81.288
6029 242.64 1115.46 276.70 69.178 26.029 -72.896
6078 218.23 910.50 379.73 69.727 3.537 -70.913
6125 222.50 748.88 379.98 64.051 9.214 -58.400
6174 242.03 807.11 423.19 61.793 15.622 -50.313
6223 243.01 870.46 503.75 50.166 23.069 -41.585
6273 229.21 918.44 529.02 26.911 21.726 -26.631
6322 185.88 895.98 448.33 4.420 4.148 -2.095
6369 225.19 1104.35 509.61 -8.031 -3.665 15.788
6418 214.08 1321.76 460.66 -22.100 -6.137 31.718
6467 274.38 1362.04 496.67 -58.202 2.469 36.021
6516 238.00 967.51 328.95 -90.795 0.882 63.792
6565 193.69 1039.90 213.84 -82.982 -1.101 88.817
6612 207.00 1101.79 298.07 -83.257 9.671 79.356
6662 208.58 1038.80 320.28 -88.506 -5.465 59.886
6711 201.38 886.82 227.88 -82.891 -16.391 50.670
6760 196.99 816.75 161.71 -71.050 -17.062 46.885
6809 219.45 785.75 194.67 -50.908 -10.196 41.819
6858 218.96 783.92 181.12 -30.096 2.744 30.925
6905 215.66 943.95 182.71 1.429 1.401 -1.577
6955 206.88 948.34 219.94 28.681 -8.212 -35.176
7004 265.47 1063.95 276.83 57.337 -9.677 -76.375
7053 294.28 857.28 372.29 75.282 7.962 -87.697
7102 179.90 921.25 332.73 94.813 22.824 -74.208
7149 183.80 1109.72 367.40 94.447 22.946 -80.037
7198 234.58 940.65 491.43 81.721 18.827 -73.903
7247 177.58 806.13 466.40 71.070 25.510 -46.621
7297 173.31 866.07 510.83 62.220 19.315 -35.787
7346 198.94 934.06 569.55 42.475 7.779 -35.756
7393 216.40 963.24 559.79 22.181 3.598 -25.716
7442 229.09 1133.16 580.54 3.687 7.016 -4.232
7491 234.46 1119.12 495.33 -27.135 6.101 21.678
7540 239.59 1334.58 557.47 -44.500 14.615 40.141
7589 227.50 1138.65 498.63 -66.808 19.986 51.799
7636 192.71 940.53 271.70 -85.851 16.111 74.382
7686 173.55 1119.61 261.20 -88.384 23.709 78.715
7735 213.10 1079.57 283.17 -88.872 8.115 62.114
7784 199.31 965.19 253.14 -86.034 -4.886 57.597
7833 186.49 893.05 170.50 -77.459 -12.729 61.931
7882 185.88 801.49 120.58 -58.019 -15.536 62.114
7929 194.42 786.85 189.67 -34.917 -6.808 49.693
7979 189.79 822.25 200.78 -12.365 -0.522 25.706
8028 166.35 882.06 267.30 9.608 3.141 -12.563
8077 109.71 1098.98 277.19 40.400 -28.720 -57.332
8126 211.27 853.50 389.13 49.922 -55.667 -97.798
8175 189.54 917.22 297.82 73.054 -49.624 -95.815
8226 250.33 1178.57 439.55 83.582 -9.463 -104.207
8275 264.25 953.23 494.48 75.892 22.519 -92.977
8323 179.53 802.35 424.53 74.092 35.916 -68.563
8372 170.74 898.78 432.47 65.882 28.928 -58.522
8421 213.22 944.07 508.03 50.654 6.528 -57.210
8470 227.99 942.97 494.97 35.273 -10.165 -41.005
8519 293.30 1188.82 575.17 22.151 -3.451 -22.267
8566 283.78 1038.80 467.99 -9.588 -0.857 6.327
8615 260.34 1263.16 552.95 -27.105 10.160 36.082
8665 221.04 1096.29 466.65 -48.498 6.650 59.428
8714 203.21 933.21 333.71 -60.308 8.084 84.544
8763 169.77 1108.87 351.29 -70.623 26.761 87.687
8810 183.80 1104.84 329.56 -82.891 15.317 76.335
8859 140.83 993.02 271.70 -88.994 4.453 77.067
8908 145.35 905.38 173.80 -84.264 -14.071 81.797
8957 147.67 857.16 176.73 -63.695 -12.423 77.891
9007 162.93 771.46 191.87 -46.697 -9.646 58.848
9056 167.69 811.75 192.96 -14.104 -5.710 25.096
9105 180.26 850.69 193.94 13.056 -3.970 -27.181
9152 179.29 1014.38 198.58 58.711 -22.830 -75.460
9201 267.30 1045.15 396.70 80.348 -4.001 -123.983
9250 221.65 994.12 329.44 74.519 21.482 -110.158
9299 144.99 1212.63 220.06 73.695 22.367 -85.836
9349 165.98 1009.14 417.70 67.164 -9.524 -67.159
9398 192.96 867.29 422.94 63.441 -25.210 -44.728
9445 214.32 913.43 478.24 55.201 -9.890 -47.750
9494 249.36 921.98 490.69 43.696 -11.172 -53.243
9543 250.58 861.55 515.72 26.362 -0.155 -36.061
9592 247.89 975.32 548.92 19.618 10.984 -8.321
9641 229.46 1156.47 467.87 -9.496 14.737 10.386
9691 232.27 1352.52 530.37 -33.483 -0.003 23.753
9738 222.99 1037.58 435.52 -55.273 -7.388 54.515
9789 208.83 1028.42 332.25 -60.338 2.774 77.433
9838 219.20 1083.11 341.16 -71.081 28.501 74.168
9887 192.35 1050.64 282.44 -80.358 28.226 65.532
9934 191.13 904.52 212.13 -77.032 19.071 68.156
9984 182.95 886.58 203.71 -67.388 20.749 72.520
10033 158.29 863.14 200.53 -58.477 15.256 69.468
10082 128.75 784.04 201.63 -48.070 4.148 59.916
10131 101.41 912.82 188.81 -23.473 -15.323 33.213
10180 124.36 932.72 226.29 -5.681 -34.854 -9.298
10227 118.37 1207.26 209.81 43.513 -65.127 -59.316
10276 213.71 906.96 386.57 48.121 -51.089 -100.087
10326 179.78 884.14 297.33 71.650 -18.863 -90.963
10375 165.13 1174.42 291.11 73.298 23.526 -95.571
10424 185.51 961.53 410.86 71.772 9.946 -99.233
10473 198.21 863.38 405.98 72.444 9.427 -82.906
10520 213.22 910.50 446.38 64.417 11.685 -73.140
10569 231.90 1017.19 472.99 50.440 -1.223 -65.328
10618 267.91 929.42 487.76 27.857 -9.555 -44.362
10668 285.00 1038.55 523.29 14.826 -1.559 -9.694
10717 269.74 1107.40 453.10 -6.719 -3.085 15.300
10766 270.23 1402.69 539.03 -28.539 -3.665 36.784
10813 224.33 1062.24 447.97 -53.686 -0.674 65.379
10862 206.39 978.50 300.39 -62.047 9.275 91.563
10911 176.97 1124.37 299.90 -72.179 33.963 91.441
10960 161.59 1086.53 303.93 -80.846 26.059 80.760
11010 127.04 945.05 255.34 -80.694 9.000 82.072
11057 149.01 897.93 203.34 -72.698 7.321 79.722
11106 128.87 838.60 167.82 -66.747 6.436 70.018
11155 143.52 731.43 192.23 -50.939 -1.101 54.698
11204 138.03 816.02 183.44 -26.464 -9.677 29.399
11253 161.95 906.47 225.19 -0.249 -18.557 -14.302
11300 171.47 1147.08 207.12 43.574 -40.255 -57.424
11350 220.42 938.09 341.16 57.917 -25.546 -90.627
11399 182.09 918.93 283.54 65.821 -5.984 -83.089
11448 175.26 1178.08 186.49 70.277 -6.961 -84.401
11497 226.53 1020.98 350.43 75.221 -12.820 -85.073
11546 230.31 869.85 406.10 75.343 5.277 -70.119
11593 220.18 906.47 387.06 69.453 11.869 -64.046
11642 220.67 991.07 462.25 63.868 9.824 -63.283
11692 248.26 1036.11 522.31 45.435 0.363 -54.219
11741 268.28 989.85 510.59 27.369 0.363 -27.364
11790 282.92 1107.77 566.87 9.303 13.913 -1.058
11839 248.99 1236.92 503.02 -11.632 15.988 24.516
11888 201.75 1133.53 480.81 -48.833 8.420 40.721
11937 213.47 932.72 366.06 -66.595 -5.252 63.212
11986 221.28 1065.65 323.46 -68.731 10.099 71.849
12034 201.99 1191.51 289.28 -81.823 25.357 63.060
12083 131.80 1104.23 255.59 -92.718 6.162 59.764
12132 138.52 988.51 211.52 -92.077 -24.234 73.619
12181 177.09 870.71 144.38 -80.419 -22.616 82.988
12230 186.98 840.56 152.80 -64.794 -4.702 74.351
12277 156.46 767.31 162.57 -41.082 2.164 51.494
12326 148.28 879.25 146.70 -14.104 -8.822 9.044
12376 122.89 1018.05 99.21 31.642 -30.307 -40.425
12425 203.09 980.94 282.56 50.532 -26.736 -89.498
12474 248.62 814.31 345.06 62.678 0.272 -92.855
12521 173.06 1068.83 232.15 87.428 25.724 -81.716
12570 167.32 1056.25 410.25 84.010 40.677 -85.408
12619 171.47 856.55 438.08 75.678 21.421 -73.293
12668 185.76 884.62 440.03 72.199 18.277 -58.248
12718 183.32 991.68 499.60 54.987 6.955 -51.198
12767 207.49 968.49 515.47 32.343 -11.691 -36.580
12814 237.76 975.69 504.85 22.547 -13.827 -10.640
12863 273.65 1167.71 559.42 7.899 11.167 10.356
12912 235.56 1291.36 536.84 -1.806 21.970 25.706
12961 190.88 1200.30 487.15 -38.976 26.212 37.028
13010 174.16 996.68 413.06 -69.341 12.326 55.003
13058 178.55 1023.17 266.45 -73.217 -6.350 78.624
13107 184.41 1105.69 260.35 -79.229 4.727 75.816
13156 215.54 1037.94 286.23 -81.426 2.744 63.975
13205 169.64 942.73 237.15 -78.618 -4.001 61.168
13254 182.22 828.47 156.59 -69.799 -3.970 60.130
13301 180.75 800.15 162.93 -52.373 -1.590 53.904
13350 220.30 695.66 209.93 -39.342 -1.742 37.364
13400 285.37 871.68 214.45 -13.921 4.209 13.347
13449 265.83 844.46 257.91 5.000 2.133 -19.673
13498 288.54 1102.76 346.41 52.241 -26.828 -57.698
13547 312.59 996.81 451.14 62.769 -15.811 -79.152
13594 231.66 775.49 362.76 65.547 7.108 -59.652
13643 181.85 1009.38 318.94 75.465 22.000 -53.334
13692 170.25 930.40 493.75 71.375 7.505 -60.537
13742 191.74 781.72 430.15 63.197 3.171 -58.431
13789 188.08 818.34 455.66 60.816 10.862 -56.142
13838 197.60 936.75 493.87 50.074 11.167 -58.522
13887 216.03 947.73 506.56 29.963 5.246 -49.398
13936 253.75 1015.73 500.21 22.456 4.758 -20.986
13985 258.51 1179.55 520.60 -3.881 20.841 3.367
14032 245.08 1361.43 526.09 -18.560 16.172 22.715
14082 225.06 1195.29 444.92 -44.347 3.141 44.505
14131 213.96 877.18 285.86 -70.287 -4.733 69.865
14180 214.20 1078.35 254.37 -70.043 1.187 82.164
14231 234.46 1048.32 281.83 -69.707 5.063 71.269
14280 213.71 944.44 282.20 -66.167 6.192 62.114
14329 210.78 874.25 224.34 -60.583 7.230 58.604
14376 182.22 825.54 183.20 -53.869 7.108 55.644
14426 164.15 758.40 167.82 -45.598 -3.238 47.709
14475 167.45 769.63 178.32 -19.964 -10.012 30.436
14524 176.24 942.85 218.35 2.467 -9.951 -5.666
14571 158.54 1204.57 172.21 44.734 -31.100 -56.234
14620 259.85 1037.33 361.30 62.159 -20.022 -96.547
14669 244.84 787.58 370.82 64.662 28.684 -77.626
14718 159.51 1109.97 223.85 75.923 42.325 -66.274
14768 144.86 985.82 406.95 70.185 18.644 -70.668
14817 214.08 816.02 428.44 65.516 -3.116 -55.867
14866 215.66 889.38 493.87 59.138 13.394 -44.637
14913 218.11 941.39 499.60 40.644 16.141 -39.205
14962 222.74 910.63 508.39 22.425 14.554 -24.221
15011 220.67 945.78 480.56 11.012 16.965 4.954
15060 220.42 1147.20 503.39 -8.733 28.318 19.633
15110 188.20 1245.34 479.10 -13.463 14.432 31.749
15157 200.65 1156.72 391.69 -46.514 8.512 40.446
15206 190.03 1135.11 363.01 -67.876 2.133 53.630
15255 165.86 951.15 150.12 -67.876 -19.351 73.985
15304 177.46 1042.34 174.04 -58.721 -16.452 71.879
15353 253.75 1043.68 227.14 -54.510 -11.416 56.804
15403 221.52 892.68 165.74 -45.354 8.695 44.810
15450 194.67 849.47 167.82 -34.276 23.984 39.378
15499 174.16 809.67 129.73 -26.983 19.223 31.413
15548 161.59 757.06 190.77 -15.081 12.387 19.633
15597 157.07 756.08 200.90 -5.132 2.256 1.323
15646 171.84 947.12 211.40 13.972 -10.684 -24.465
15693 175.87 975.81 169.65 33.564 -22.708 -47.170
15742 239.10 1420.88 311.49 60.908 -19.046 -81.838
15792 298.92 1073.47 413.30 47.938 8.542 -88.796
15841 231.17 821.88 358.61 53.919 47.635 -50.161
15890 131.31 1051.62 272.55 52.638 52.121 -27.852
15939 128.14 1086.77 396.21 40.400 2.927 -31.301
15986 188.08 851.54 416.23 28.651 -21.365 -20.131
16035 197.96 821.88 408.17 28.315 -10.928 -1.149
16084 192.71 911.24 426.48 22.029 13.730 -0.417
16134 180.87 907.94 450.65 9.577 19.254 -2.431
16183 173.79 863.26 430.15 0.178 17.972 9.898
16232 180.63 943.22 422.58 -4.827 22.672 25.493
16281 143.28 1108.87 411.47 -25.670 27.768 26.011
16330 119.47 1079.45 311.25 -42.669 -8.487 32.512
16379 154.51 1152.57 258.15 -37.237 -32.992 39.775
16429 241.30 1072.73 278.05 -43.340 -20.266 32.023
16476 247.52 827.25 219.82 -32.232 -2.414 39.042
16525 257.78 840.92 246.55 -14.257 29.660 45.665
16574 255.70 869.24 234.35 -11.358 54.105 40.538
16623 238.00 916.48 235.44 -7.635 57.035 35.869
16672 218.35 953.23 213.35 -4.339 41.257 25.218
16719 246.18 1068.34 252.90 4.542 22.275 4.466
16769 286.10 961.16 246.80 5.763 20.597 -12.502
16818 261.56 888.65 260.22 4.267 27.097 -4.140
16867 215.30 902.69 271.46 -0.585 25.510 6.114
16914 213.22 1095.93 236.91 2.162 1.462 -4.293
16963 243.50 963.60 280.37 9.364 -19.351 -17.842
17012 268.89 842.27 301.48 22.608 -9.677 -11.953
17061 304.65 888.16 382.91 23.371 28.958 -0.875
17111 259.73 951.03 349.95 19.068 50.016 6.846
17158 286.59 890.73 392.55 16.474 45.896 8.921
17207 315.27 930.28 438.81 13.972 59.690 13.224
17256 311.86 996.07 463.96 2.040 60.331 22.319
17305 272.43 961.89 426.73 -10.992 47.696 35.807
17352 293.18 942.00 439.67 -20.513 40.250 49.266
17401 320.77 948.34 464.94 -29.149 45.224 54.271
17451 276.94 890.97 489.72 -37.206 43.210 52.684
17500 317.59 857.40 506.93 -42.211 50.840 46.458
17549 269.62 794.41 545.75 -41.906 57.340 39.073
17596 280.48 786.97 565.16 -38.671 76.108 30.345
17645 200.41 744.61 613.50 -35.070 50.626 26.561
17694 238.25 720.44 623.14 -32.659 57.157 20.335
17745 195.28 690.78 660.25 -28.387 37.778 16.124
17795 240.20 653.54 650.00 -24.053 47.147 12.126
17844 212.00 634.87 697.48 -17.614 52.213 9.410
17891 165.25 722.03 749.24 -31.286 56.913 10.814
17940 201.50 568.10 809.30 -13.311 28.287 11.454
17989 173.18 595.20 788.06 -8.642 38.449 11.790
18038 101.28 580.30 860.20 -11.663 40.189 12.034
18087 64.54 550.15 797.46 -16.393 5.338 2.971
18135 95.55 576.15 805.88 -15.661 13.242 17.314
18184 122.28 553.57 823.21 -5.590 -1.742 10.508
18233 175.87 602.64 834.08 -2.508 7.901 15.605
18282 109.95 536.36 836.03 -2.721 11.960 4.649
18329 108.00 567.73 837.01 -0.463 -7.022 0.468
18378 132.41 547.34 830.29 -5.193 6.040 8.250
18427 131.19 545.27 839.81 -3.026 -0.827 5.290
18475 151.21 551.49 838.47 -0.219 6.772 6.663
18524 104.21 567.97 856.29 0.849 4.239 4.252
18573 143.28 571.88 853.00 -0.158 -2.414 -1.302
18622 145.60 560.41 860.93 0.300 0.150 1.872
18669 138.27 547.47 843.48 -1.287 -2.871 3.550
18718 139.25 571.39 850.56 0.666 3.324 1.506
18767 138.03 545.39 848.73 1.185 6.162 8.555
18814 127.65 548.20 850.07 0.849 5.948 -0.814